Conv2d(3, 64, kernel_size=(3, 3), stride=(2, 2))Parameter containing:
tensor([[[[ 1.5893e-01,  2.1568e-01, -6.4725e-04],
          [ 2.8611e-01,  3.4597e-01,  1.0103e-01],
          [ 1.5893e-01,  1.5893e-01, -6.4725e-04]],

         [[-4.0015e-01, -4.6554e-01, -3.3550e-01],
          [-5.2278e-01, -5.2278e-01, -4.0015e-01],
          [-4.0015e-01, -4.6554e-01, -3.3550e-01]],

         [[ 1.5893e-01,  1.5893e-01,  2.1568e-01],
          [ 1.5893e-01,  1.0103e-01,  2.1568e-01],
          [ 2.1568e-01,  2.1568e-01,  2.8611e-01]]],


        [[[ 3.9903e-01, -9.3226e-02,  1.0103e-01],
          [-2.1290e-01,  1.0103e-01,  2.8611e-01],
          [ 4.8320e-02,  1.0103e-01, -3.3550e-01]],

         [[ 4.8320e-02, -4.0015e-01, -9.3226e-02],
          [-5.2278e-01,  1.0103e-01,  4.6216e-01],
          [ 1.5893e-01,  3.9903e-01, -2.7180e-01]],

         [[ 4.8320e-02, -2.7180e-01, -4.5184e-02],
          [-3.3550e-01,  1.5893e-01,  2.8611e-01],
          [ 1.5893e-01,  3.4597e-01, -2.7180e-01]]],


        [[[-4.5184e-02, -3.3550e-01, -3.3550e-01],
          [ 3.9903e-01,  5.9667e-01,  3.4597e-01],
          [-3.3550e-01, -2.1290e-01, -6.4725e-04]],

         [[-1.5245e-01, -5.6905e-01, -5.6905e-01],
          [ 6.6767e-01,  9.2572e-01,  4.6216e-01],
          [-4.0015e-01, -2.7180e-01, -6.4725e-04]],

         [[-9.3226e-02, -2.7180e-01, -2.7180e-01],
          [ 2.1568e-01,  3.4597e-01,  1.5893e-01],
          [-2.7180e-01, -2.1290e-01, -4.5184e-02]]],


        ...,


        [[[ 4.8320e-02,  5.3704e-01,  5.3704e-01],
          [-4.6554e-01, -4.5184e-02,  3.9903e-01],
          [-6.9023e-01, -5.6905e-01, -1.5245e-01]],

         [[-4.5184e-02, -4.5184e-02, -9.3226e-02],
          [ 1.0103e-01,  4.8320e-02, -4.5184e-02],
          [ 1.0103e-01,  1.5893e-01, -6.4725e-04]],

         [[-2.1290e-01, -5.2278e-01, -6.2568e-01],
          [ 2.8611e-01, -4.5184e-02, -4.6554e-01],
          [ 4.6216e-01,  4.6216e-01, -9.3226e-02]]],


        [[[-9.3226e-02, -2.1290e-01, -1.5245e-01],
          [-2.1290e-01, -2.1290e-01, -2.7180e-01],
          [-1.5245e-01, -1.5245e-01, -1.5245e-01]],

         [[ 1.0103e-01, -6.4725e-04,  4.8320e-02],
          [-4.5184e-02, -9.3226e-02, -9.3226e-02],
          [-4.5184e-02, -9.3226e-02, -4.5184e-02]],

         [[-4.5184e-02, -9.3226e-02, -4.5184e-02],
          [-2.7180e-01, -2.1290e-01, -2.7180e-01],
          [-3.3550e-01, -3.3550e-01, -2.7180e-01]]],


        [[[-9.3226e-02, -1.5245e-01, -1.5245e-01],
          [ 4.8320e-02, -6.4725e-04, -9.3226e-02],
          [ 1.0103e-01,  4.8320e-02, -4.5184e-02]],

         [[-6.4725e-04, -1.5245e-01, -2.1290e-01],
          [ 1.5893e-01,  4.8320e-02, -9.3226e-02],
          [ 2.8611e-01,  1.5893e-01, -6.4725e-04]],

         [[-9.3226e-02, -1.5245e-01, -2.1290e-01],
          [-9.3226e-02, -1.5245e-01, -2.1290e-01],
          [-9.3226e-02, -1.5245e-01, -2.1290e-01]]]], device='cuda:0',
       requires_grad=True)Conv2d(64, 16, kernel_size=(1, 1), stride=(1, 1))Parameter containing:
tensor([[[[-0.1200]],

         [[ 0.0038]],

         [[ 0.0038]],

         ...,

         [[ 0.0603]],

         [[ 0.0603]],

         [[ 0.0038]]],


        [[[-0.1841]],

         [[-0.1200]],

         [[ 0.4891]],

         ...,

         [[ 0.8724]],

         [[ 0.2489]],

         [[ 0.1136]]],


        [[[-0.1200]],

         [[-0.4542]],

         [[-0.0508]],

         ...,

         [[-0.8112]],

         [[ 0.0038]],

         [[-0.1200]]],


        ...,


        [[[-0.3865]],

         [[ 0.1136]],

         [[-0.2638]],

         ...,

         [[-0.1200]],

         [[ 1.0596]],

         [[ 0.3912]]],


        [[[ 0.5712]],

         [[ 0.1136]],

         [[-0.0508]],

         ...,

         [[ 0.0038]],

         [[-0.1841]],

         [[-0.5186]]],


        [[[ 0.1718]],

         [[-0.2638]],

         [[-0.6407]],

         ...,

         [[ 0.1718]],

         [[ 0.1718]],

         [[-0.0508]]]], device='cuda:0', requires_grad=True)Conv2d(16, 64, kernel_size=(1, 1), stride=(1, 1))Parameter containing:
tensor([[[[-0.1802]],

         [[ 0.0010]],

         [[-0.0365]],

         ...,

         [[ 0.3233]],

         [[ 0.0010]],

         [[-0.1458]]],


        [[[ 0.1438]],

         [[-0.1072]],

         [[-0.1802]],

         ...,

         [[-0.1458]],

         [[-0.3354]],

         [[ 0.1045]]],


        [[[-0.0365]],

         [[ 0.0010]],

         [[-0.0365]],

         ...,

         [[-0.1802]],

         [[-0.1458]],

         [[ 0.0329]]],


        ...,


        [[[ 0.3233]],

         [[ 0.1990]],

         [[-0.0736]],

         ...,

         [[-0.3354]],

         [[ 0.0329]],

         [[ 0.0010]]],


        [[[ 0.1045]],

         [[ 0.0010]],

         [[-0.2219]],

         ...,

         [[-0.1072]],

         [[ 0.2475]],

         [[ 0.0725]]],


        [[[ 0.1438]],

         [[-0.1802]],

         [[-0.2219]],

         ...,

         [[-0.2732]],

         [[ 0.0725]],

         [[-0.1072]]]], device='cuda:0', requires_grad=True)Conv2d(16, 64, kernel_size=(3, 3), stride=(1, 1), padding=(1, 1))Parameter containing:
tensor([[[[ 0.2489, -0.0694, -0.1269],
          [ 0.1623, -0.3268, -0.0955],
          [-0.0469, -0.1652,  0.0406]],

         [[ 0.0920, -0.0469,  0.0406],
          [ 0.0169, -0.1269, -0.0694],
          [-0.0469, -0.0049,  0.0920]],

         [[-0.0469, -0.0049, -0.0255],
          [-0.0469,  0.0169, -0.0955],
          [-0.0955, -0.0255, -0.0955]],

         ...,

         [[-0.0694, -0.0255,  0.0169],
          [-0.0469,  0.0406,  0.0651],
          [-0.0049,  0.0920, -0.0955]],

         [[-0.0955,  0.0406,  0.0169],
          [ 0.0169,  0.1251,  0.0406],
          [ 0.0169,  0.0920,  0.0406]],

         [[-0.1652, -0.0955, -0.0049],
          [ 0.1623,  0.3088,  0.1251],
          [ 0.0651,  0.1251, -0.0049]]],


        [[[-0.0255, -0.0955, -0.0694],
          [-0.2138, -0.2696,  0.0920],
          [-0.0255, -0.2138, -0.0255]],

         [[-0.0694, -0.0955, -0.0255],
          [-0.1652,  0.0920,  0.0651],
          [-0.0255, -0.0049, -0.0469]],

         [[-0.0469, -0.0469, -0.0694],
          [ 0.0169,  0.0406, -0.0694],
          [-0.0469,  0.0406, -0.0694]],

         ...,

         [[-0.2138, -0.2138, -0.2138],
          [-0.2138,  0.4889,  0.2489],
          [-0.1652,  0.0920, -0.0469]],

         [[ 0.0406,  0.0406,  0.0169],
          [ 0.0920,  0.0169, -0.0955],
          [ 0.0406, -0.0955, -0.0694]],

         [[-0.0694, -0.0469, -0.0694],
          [ 0.0169,  0.0406,  0.0651],
          [-0.0049, -0.1269, -0.0694]]],


        [[[-0.0255,  0.0406,  0.0406],
          [ 0.0651, -0.0255, -0.0955],
          [ 0.0169,  0.0406, -0.0255]],

         [[-0.0694, -0.0049,  0.0169],
          [ 0.0651, -0.0255, -0.0255],
          [ 0.1251,  0.1623,  0.0406]],

         [[-0.0955, -0.0955, -0.0694],
          [-0.0469, -0.0469, -0.0469],
          [-0.0255, -0.0469, -0.0255]],

         ...,

         [[ 0.2009,  0.1623,  0.1251],
          [ 0.1251, -0.2138, -0.1269],
          [ 0.0651, -0.0255, -0.0955]],

         [[-0.0955, -0.0469, -0.0049],
          [-0.0694, -0.0255,  0.0651],
          [-0.0694,  0.0169,  0.0651]],

         [[ 0.0651, -0.0469, -0.0255],
          [ 0.0920, -0.0955, -0.0694],
          [ 0.0169,  0.0920,  0.0406]]],


        ...,


        [[[ 0.0651, -0.1652, -0.0694],
          [ 0.2009, -0.2696, -0.0955],
          [-0.0469, -0.2696, -0.0955]],

         [[ 0.0651, -0.0955, -0.0694],
          [-0.0469, -0.1269, -0.1269],
          [-0.0955, -0.1269,  0.1251]],

         [[ 0.1251,  0.1251,  0.1251],
          [ 0.0651,  0.1251,  0.0920],
          [-0.0049, -0.0255,  0.0920]],

         ...,

         [[-0.0955, -0.0469, -0.0255],
          [-0.0694,  0.2009, -0.0694],
          [-0.0255, -0.0955, -0.0469]],

         [[-0.0049, -0.0255, -0.0255],
          [-0.0469,  0.1251, -0.0955],
          [ 0.0169,  0.0169, -0.0469]],

         [[-0.0255,  0.0406,  0.0406],
          [ 0.0169, -0.0049,  0.0169],
          [ 0.0169,  0.2009, -0.0469]]],


        [[[ 0.0406, -0.0049, -0.0049],
          [ 0.0406, -0.0255, -0.0049],
          [ 0.0169,  0.0406,  0.0651]],

         [[-0.0255,  0.0406, -0.0049],
          [-0.2138, -0.2696, -0.0694],
          [-0.0694, -0.0955, -0.0469]],

         [[-0.0255, -0.0049,  0.0406],
          [-0.0955, -0.0955, -0.0049],
          [-0.0694, -0.0694, -0.0049]],

         ...,

         [[ 0.0651,  0.0651,  0.0169],
          [ 0.0169, -0.2138, -0.0255],
          [-0.0694, -0.0955, -0.0255]],

         [[ 0.0169, -0.0255, -0.0049],
          [ 0.0406, -0.0694,  0.0169],
          [ 0.0406,  0.0169,  0.0406]],

         [[-0.0049, -0.0049,  0.0406],
          [ 0.1251,  0.1623,  0.1251],
          [ 0.0920,  0.0920,  0.0651]]],


        [[[-0.0255, -0.0469,  0.0406],
          [ 0.0406,  0.0169, -0.0255],
          [ 0.0169,  0.0651,  0.0920]],

         [[-0.0049, -0.0049,  0.1251],
          [ 0.0651, -0.0469, -0.0469],
          [-0.0255,  0.0406,  0.0169]],

         [[ 0.0651, -0.0049,  0.0169],
          [-0.0049, -0.0255, -0.0255],
          [ 0.0169, -0.0255, -0.0049]],

         ...,

         [[ 0.0651, -0.1652,  0.0406],
          [ 0.0651, -0.0694,  0.1251],
          [ 0.1623,  0.2489,  0.2009]],

         [[ 0.1251,  0.1251,  0.1251],
          [-0.0469, -0.0955, -0.0049],
          [-0.0955, -0.0694, -0.0694]],

         [[-0.0255, -0.0469,  0.0406],
          [-0.1269,  0.0406, -0.0469],
          [-0.0469, -0.0469, -0.0255]]]], device='cuda:0', requires_grad=True)Conv2d(128, 16, kernel_size=(1, 1), stride=(1, 1))Parameter containing:
tensor([[[[ 0.0891]],

         [[-0.0159]],

         [[-0.0159]],

         ...,

         [[ 0.2302]],

         [[-0.0159]],

         [[-0.0963]]],


        [[[-0.2294]],

         [[ 0.0891]],

         [[ 0.1789]],

         ...,

         [[ 0.1310]],

         [[ 0.0174]],

         [[ 0.0510]]],


        [[[ 0.0510]],

         [[ 0.0174]],

         [[-0.2806]],

         ...,

         [[-0.2294]],

         [[ 0.2834]],

         [[ 0.1789]]],


        ...,


        [[[-0.0159]],

         [[ 0.1789]],

         [[-0.2294]],

         ...,

         [[-0.0159]],

         [[-0.0542]],

         [[ 0.0174]]],


        [[[ 0.0891]],

         [[-0.1822]],

         [[-0.0542]],

         ...,

         [[-0.0963]],

         [[-0.2294]],

         [[-0.0963]]],


        [[[-0.1410]],

         [[ 0.0891]],

         [[-0.0542]],

         ...,

         [[-0.2806]],

         [[-0.1822]],

         [[ 0.2302]]]], device='cuda:0', requires_grad=True)Conv2d(16, 64, kernel_size=(1, 1), stride=(1, 1))Parameter containing:
tensor([[[[-0.1424]],

         [[-0.1424]],

         [[ 0.1947]],

         ...,

         [[-0.0435]],

         [[ 0.6962]],

         [[-0.3721]]],


        [[[ 0.1337]],

         [[ 0.4711]],

         [[-0.3721]],

         ...,

         [[ 0.1337]],

         [[-0.0435]],

         [[ 0.1337]]],


        [[[ 0.3026]],

         [[-0.1424]],

         [[-0.0435]],

         ...,

         [[-0.0435]],

         [[ 0.5321]],

         [[ 0.1337]]],


        ...,


        [[[ 0.0707]],

         [[-0.3721]],

         [[-0.1424]],

         ...,

         [[-0.0435]],

         [[ 0.0067]],

         [[ 0.0067]]],


        [[[-0.0435]],

         [[ 0.0707]],

         [[ 0.0067]],

         ...,

         [[ 0.0707]],

         [[-0.1424]],

         [[ 0.0707]]],


        [[[ 0.3663]],

         [[ 0.0067]],

         [[ 0.1337]],

         ...,

         [[ 0.0707]],

         [[-0.0955]],

         [[-0.3156]]]], device='cuda:0', requires_grad=True)Conv2d(16, 64, kernel_size=(3, 3), stride=(1, 1), padding=(1, 1))Parameter containing:
tensor([[[[-0.0294, -0.0083, -0.0083],
          [-0.1286, -0.0083, -0.0083],
          [-0.0502, -0.0727, -0.0502]],

         [[-0.0990, -0.1286, -0.0502],
          [ 0.0874, -0.0502, -0.1583],
          [ 0.0589,  0.1844,  0.0354]],

         [[-0.0083,  0.1189,  0.0135],
          [-0.1583,  0.0135,  0.0874],
          [-0.1583, -0.1583,  0.0135]],

         ...,

         [[-0.0990, -0.2609, -0.0990],
          [ 0.3196, -0.0502, -0.2260],
          [ 0.1510,  0.2264, -0.0083]],

         [[ 0.0874,  0.1189, -0.0990],
          [ 0.0354,  0.2264,  0.1189],
          [-0.2260, -0.0294, -0.0083]],

         [[-0.0727,  0.0135,  0.0354],
          [-0.0294, -0.0990, -0.0083],
          [ 0.0874, -0.0502, -0.0727]]],


        [[[-0.0990,  0.0354,  0.0354],
          [-0.1286,  0.0874, -0.0294],
          [-0.0083,  0.0135, -0.0990]],

         [[ 0.0354, -0.0727, -0.0990],
          [ 0.0135, -0.0502, -0.0083],
          [-0.0502, -0.0083,  0.0354]],

         [[-0.1912,  0.0354,  0.1844],
          [-0.0083,  0.1189,  0.0589],
          [ 0.0589,  0.0589, -0.0990]],

         ...,

         [[ 0.0354, -0.0083, -0.0502],
          [ 0.0135, -0.0294, -0.0083],
          [-0.0727,  0.0135,  0.0874]],

         [[ 0.0135,  0.1189,  0.0354],
          [ 0.0135, -0.0502, -0.0727],
          [-0.1583, -0.2609, -0.0502]],

         [[ 0.0354, -0.1286, -0.1583],
          [ 0.0589, -0.2260, -0.0990],
          [ 0.0354, -0.0083,  0.0874]]],


        [[[-0.1286,  0.0354,  0.1844],
          [-0.0502,  0.2264, -0.0294],
          [ 0.0874,  0.0589, -0.1286]],

         [[-0.0727, -0.1286,  0.0589],
          [-0.0294,  0.1189, -0.1583],
          [ 0.0354, -0.0294, -0.0083]],

         [[-0.0083,  0.0354, -0.1286],
          [ 0.0135, -0.1583, -0.0083],
          [-0.0502, -0.0727,  0.0354]],

         ...,

         [[-0.0990, -0.0083,  0.0874],
          [-0.0083,  0.0354, -0.0083],
          [ 0.0874, -0.0083, -0.0990]],

         [[ 0.1844, -0.0990, -0.2994],
          [-0.0083, -0.1286,  0.0874],
          [-0.1286,  0.1189,  0.0874]],

         [[ 0.1510,  0.0589, -0.0727],
          [ 0.0874, -0.2609, -0.1286],
          [-0.1912, -0.1583,  0.1844]]],


        ...,


        [[[-0.0294, -0.2994, -0.2260],
          [ 0.1844, -0.1286, -0.2260],
          [ 0.2712,  0.1510,  0.1844]],

         [[-0.0502,  0.0874, -0.0083],
          [-0.1286, -0.0502, -0.0083],
          [ 0.0354, -0.1286, -0.0502]],

         [[ 0.1510,  0.1189,  0.1189],
          [-0.0294, -0.0502, -0.0502],
          [-0.0502,  0.0135, -0.0727]],

         ...,

         [[ 0.0354,  0.0589, -0.0083],
          [-0.0083, -0.0294, -0.0294],
          [-0.0294, -0.0502, -0.0083]],

         [[-0.0502,  0.0874,  0.0589],
          [-0.0990, -0.0990, -0.1286],
          [-0.0294, -0.0502, -0.0990]],

         [[-0.1583,  0.0135,  0.0874],
          [-0.1912, -0.0294,  0.2264],
          [-0.0083, -0.0502,  0.0874]]],


        [[[-0.0990,  0.0589,  0.2264],
          [-0.1912, -0.0990,  0.3728],
          [-0.2994, -0.0990,  0.2264]],

         [[-0.0083, -0.0083, -0.0502],
          [ 0.1844,  0.0589, -0.1583],
          [ 0.1844,  0.0135, -0.0990]],

         [[ 0.0135, -0.0990,  0.1189],
          [-0.0294, -0.0727,  0.1510],
          [-0.0502, -0.0502,  0.0874]],

         ...,

         [[-0.0727, -0.0083,  0.0135],
          [-0.0294,  0.0135,  0.0135],
          [ 0.0135,  0.0135, -0.0294]],

         [[-0.0083, -0.0294, -0.0083],
          [-0.0294, -0.0502,  0.0874],
          [-0.0294, -0.0502, -0.0083]],

         [[ 0.0354, -0.0083,  0.0589],
          [ 0.0354, -0.1286, -0.0294],
          [-0.0083, -0.2260, -0.1286]]],


        [[[-0.0990, -0.0294, -0.1912],
          [ 0.0874,  0.1189, -0.0502],
          [ 0.0354,  0.0874, -0.1286]],

         [[-0.1583, -0.0990, -0.1912],
          [ 0.0354,  0.0874, -0.0727],
          [-0.0083, -0.0083, -0.1583]],

         [[-0.0727, -0.0294, -0.1286],
          [ 0.0135,  0.0354, -0.1286],
          [ 0.0354,  0.0354, -0.1286]],

         ...,

         [[-0.0294, -0.0294, -0.0727],
          [ 0.0135,  0.0354, -0.0294],
          [-0.0083, -0.0083, -0.0502]],

         [[-0.1286, -0.2260, -0.1583],
          [ 0.0874, -0.0083, -0.1286],
          [ 0.0874, -0.0083, -0.1286]],

         [[-0.0502, -0.0083, -0.1583],
          [ 0.1510,  0.1510, -0.0502],
          [ 0.1189,  0.1844, -0.0990]]]], device='cuda:0', requires_grad=True)Conv2d(128, 32, kernel_size=(1, 1), stride=(1, 1))Parameter containing:
tensor([[[[ 0.1024]],

         [[ 0.0633]],

         [[ 0.1024]],

         ...,

         [[-0.0883]],

         [[-0.1821]],

         [[-0.0883]]],


        [[[-0.0476]],

         [[-0.0088]],

         [[-0.0088]],

         ...,

         [[ 0.0633]],

         [[-0.1348]],

         [[-0.2860]]],


        [[[-0.0088]],

         [[ 0.3195]],

         [[ 0.0633]],

         ...,

         [[-0.0476]],

         [[-0.0088]],

         [[ 0.1487]]],


        ...,


        [[[-0.2294]],

         [[-0.1821]],

         [[ 0.3195]],

         ...,

         [[ 0.1987]],

         [[-0.0088]],

         [[ 0.2591]]],


        [[[ 0.3831]],

         [[-0.1348]],

         [[-0.0883]],

         ...,

         [[-0.2294]],

         [[ 0.1487]],

         [[-0.1821]]],


        [[[-0.0883]],

         [[ 0.1024]],

         [[-0.0088]],

         ...,

         [[-0.0476]],

         [[-0.0088]],

         [[ 0.1024]]]], device='cuda:0', requires_grad=True)Conv2d(32, 128, kernel_size=(1, 1), stride=(1, 1))Parameter containing:
tensor([[[[ 0.0327]],

         [[ 0.0657]],

         [[ 0.0657]],

         ...,

         [[ 0.0657]],

         [[ 0.0327]],

         [[-0.5285]]],


        [[[-0.1304]],

         [[-0.1604]],

         [[ 0.0989]],

         ...,

         [[ 0.0657]],

         [[-0.2716]],

         [[-0.0221]]],


        [[[ 0.0033]],

         [[ 0.0989]],

         [[ 0.0033]],

         ...,

         [[-0.0481]],

         [[ 0.0989]],

         [[-0.6625]]],


        ...,


        [[[-0.0749]],

         [[ 0.0033]],

         [[ 0.0989]],

         ...,

         [[-0.1304]],

         [[-0.0221]],

         [[ 0.0989]]],


        [[[ 0.0033]],

         [[ 0.0033]],

         [[ 0.0033]],

         ...,

         [[ 0.0033]],

         [[-0.0221]],

         [[ 0.0033]]],


        [[[-0.0749]],

         [[-0.0749]],

         [[-0.0221]],

         ...,

         [[-0.0481]],

         [[ 0.0033]],

         [[-0.0481]]]], device='cuda:0', requires_grad=True)Conv2d(32, 128, kernel_size=(3, 3), stride=(1, 1), padding=(1, 1))Parameter containing:
tensor([[[[-0.3617, -0.3617, -0.1450],
          [-0.1450, -0.1843,  0.0515],
          [ 0.0715,  0.1241,  0.1607]],

         [[-0.0127,  0.0515,  0.0953],
          [-0.0422, -0.1450, -0.1450],
          [ 0.0715,  0.0515, -0.1172]],

         [[-0.0127, -0.0422, -0.0273],
          [ 0.0179, -0.0273, -0.0273],
          [ 0.0179,  0.0023, -0.0273]],

         ...,

         [[-0.0273,  0.0023,  0.0179],
          [-0.0273, -0.0127,  0.0953],
          [-0.0273, -0.0579,  0.0715]],

         [[ 0.0715,  0.0179,  0.0340],
          [-0.0948, -0.0579, -0.0422],
          [-0.0127,  0.0515,  0.0023]],

         [[ 0.0179, -0.0127, -0.0273],
          [ 0.0515, -0.0127, -0.0127],
          [-0.0422, -0.0273, -0.0127]]],


        [[[ 0.0340,  0.0953,  0.0340],
          [ 0.0953,  0.0515,  0.1241],
          [ 0.0953,  0.0953,  0.0515]],

         [[ 0.0340,  0.0340,  0.0179],
          [-0.0273, -0.1172, -0.0579],
          [-0.0422, -0.0273,  0.0179]],

         [[ 0.0179, -0.0273, -0.0127],
          [ 0.0340, -0.0127, -0.0422],
          [ 0.0515,  0.0023, -0.0127]],

         ...,

         [[-0.0422, -0.0127, -0.0754],
          [ 0.0515,  0.0715, -0.0127],
          [-0.0422,  0.0023, -0.0579]],

         [[ 0.0515,  0.1241,  0.0715],
          [-0.1172, -0.2352, -0.0127],
          [-0.0422, -0.0948, -0.0273]],

         [[ 0.0023,  0.0023,  0.0179],
          [-0.0422, -0.1450, -0.0422],
          [-0.0579, -0.0579, -0.0754]]],


        [[[-0.0127, -0.1843, -0.0754],
          [-0.0127,  0.0515,  0.0179],
          [-0.0273,  0.0715, -0.0273]],

         [[ 0.0515,  0.0715, -0.0273],
          [-0.0127,  0.0179, -0.0579],
          [-0.0273, -0.1172, -0.0127]],

         [[-0.0579, -0.0422, -0.0422],
          [-0.0273,  0.0340, -0.0422],
          [ 0.0179,  0.0179,  0.0179]],

         ...,

         [[-0.0127, -0.0948, -0.0754],
          [ 0.0515, -0.0273, -0.0273],
          [ 0.0023,  0.0953,  0.0179]],

         [[-0.0579, -0.0754,  0.0715],
          [-0.0754,  0.0179,  0.0715],
          [ 0.0340,  0.0515, -0.0754]],

         [[-0.0127, -0.0422, -0.0127],
          [-0.0579,  0.0023, -0.0127],
          [-0.0579,  0.0179, -0.0127]]],


        ...,


        [[[ 0.0515,  0.0715,  0.0515],
          [ 0.1607,  0.0715,  0.0715],
          [ 0.0953,  0.1607,  0.0179]],

         [[-0.1450, -0.0579,  0.1607],
          [-0.0127, -0.2352, -0.0127],
          [ 0.0953, -0.1172, -0.0754]],

         [[-0.1450, -0.0127,  0.0179],
          [-0.0948, -0.0579, -0.0422],
          [-0.0273, -0.0422, -0.0948]],

         ...,

         [[-0.0422, -0.0422, -0.1172],
          [ 0.0179, -0.0273, -0.0422],
          [-0.0422, -0.0273, -0.0273]],

         [[-0.0948, -0.0948, -0.0127],
          [-0.0273, -0.1172, -0.0754],
          [ 0.0515, -0.0273, -0.0579]],

         [[-0.0422,  0.0179,  0.0179],
          [-0.0127, -0.0422,  0.0023],
          [-0.0273, -0.0127, -0.0127]]],


        [[[ 0.1607,  0.2077,  0.1607],
          [ 0.2077,  0.2563,  0.1607],
          [ 0.1607,  0.2077,  0.1241]],

         [[-0.0127, -0.0948, -0.1172],
          [-0.0948, -0.3120, -0.0948],
          [-0.0579, -0.0754, -0.0273]],

         [[-0.0127, -0.0127, -0.0127],
          [-0.0127, -0.0422, -0.0273],
          [-0.0273, -0.0127, -0.0273]],

         ...,

         [[-0.0754,  0.0023,  0.0023],
          [ 0.0715,  0.0953,  0.0515],
          [ 0.0179,  0.0023, -0.0127]],

         [[-0.1450, -0.1172, -0.0754],
          [-0.0422, -0.1843, -0.1843],
          [-0.1450, -0.0948, -0.0579]],

         [[ 0.0179, -0.0127, -0.0127],
          [-0.0273, -0.0579,  0.0023],
          [ 0.0023,  0.0023, -0.0273]]],


        [[[-0.0754, -0.0754, -0.0422],
          [-0.1172,  0.0515, -0.0422],
          [ 0.0023,  0.0515, -0.0754]],

         [[-0.0579, -0.1843, -0.0754],
          [ 0.0340,  0.0515, -0.0273],
          [ 0.0515,  0.0953,  0.0515]],

         [[ 0.0515,  0.0179,  0.0715],
          [-0.0422, -0.0422,  0.0340],
          [-0.0127, -0.0579,  0.0340]],

         ...,

         [[-0.0422, -0.0579, -0.0273],
          [-0.0579, -0.0948, -0.0273],
          [ 0.0953,  0.1241,  0.1241]],

         [[-0.0422, -0.1450, -0.0127],
          [ 0.0340,  0.1607,  0.1241],
          [ 0.1241,  0.2563,  0.1241]],

         [[ 0.0023,  0.0023, -0.0127],
          [-0.0127, -0.0422, -0.0273],
          [ 0.0179, -0.0127, -0.0422]]]], device='cuda:0', requires_grad=True)Conv2d(256, 32, kernel_size=(1, 1), stride=(1, 1))Parameter containing:
tensor([[[[-0.1012]],

         [[-0.0708]],

         [[-0.0088]],

         ...,

         [[-0.1637]],

         [[ 0.1602]],

         [[ 0.2008]]],


        [[[ 0.0546]],

         [[-0.0401]],

         [[-0.0088]],

         ...,

         [[ 0.2008]],

         [[-0.0708]],

         [[-0.2002]]],


        [[[ 0.0216]],

         [[-0.0401]],

         [[-0.0088]],

         ...,

         [[ 0.3350]],

         [[ 0.2008]],

         [[ 0.0216]]],


        ...,


        [[[ 0.0216]],

         [[-0.2002]],

         [[-0.1329]],

         ...,

         [[ 0.2417]],

         [[ 0.2008]],

         [[-0.0708]]],


        [[[ 0.0216]],

         [[ 0.0216]],

         [[-0.1012]],

         ...,

         [[ 0.1602]],

         [[ 0.0546]],

         [[-0.2002]]],


        [[[ 0.0888]],

         [[-0.0088]],

         [[-0.0401]],

         ...,

         [[-0.2948]],

         [[ 0.2417]],

         [[-0.0401]]]], device='cuda:0', requires_grad=True)Conv2d(32, 128, kernel_size=(1, 1), stride=(1, 1))Parameter containing:
tensor([[[[ 0.0293]],

         [[ 0.0054]],

         [[-0.0439]],

         ...,

         [[-0.1285]],

         [[ 0.0054]],

         [[ 0.0054]]],


        [[[-0.2261]],

         [[-0.1285]],

         [[ 0.0054]],

         ...,

         [[ 0.1763]],

         [[-0.0980]],

         [[ 0.0054]]],


        [[[-0.1285]],

         [[ 0.0054]],

         [[-0.0190]],

         ...,

         [[-0.0709]],

         [[ 0.0830]],

         [[-0.0190]]],


        ...,


        [[[-0.2261]],

         [[-0.0980]],

         [[ 0.0293]],

         ...,

         [[ 0.0054]],

         [[ 0.0293]],

         [[ 0.0293]]],


        [[[-0.1600]],

         [[ 0.2131]],

         [[-0.0980]],

         ...,

         [[-0.3313]],

         [[ 0.0830]],

         [[ 0.0293]]],


        [[[-0.1920]],

         [[ 0.1387]],

         [[-0.2261]],

         ...,

         [[-0.0190]],

         [[ 0.0830]],

         [[-0.2704]]]], device='cuda:0', requires_grad=True)Conv2d(32, 128, kernel_size=(3, 3), stride=(1, 1), padding=(1, 1))Parameter containing:
tensor([[[[-0.0689, -0.0252,  0.0852],
          [-0.1535, -0.1045, -0.0860],
          [-0.0689, -0.0689,  0.0016]],

         [[-0.0119, -0.1535, -0.0689],
          [-0.0860, -0.0532, -0.0689],
          [-0.0252,  0.0305, -0.0252]],

         [[-0.1265,  0.0469,  0.0469],
          [ 0.1391, -0.0387, -0.0387],
          [-0.0119, -0.0252, -0.0689]],

         ...,

         [[-0.0860,  0.1778,  0.0016],
          [ 0.0852,  0.0016, -0.0252],
          [ 0.0852, -0.0860, -0.0532]],

         [[-0.0860,  0.1090, -0.1265],
          [ 0.1090, -0.1916, -0.1265],
          [ 0.0651, -0.1265, -0.0252]],

         [[-0.0860,  0.2834,  0.0305],
          [ 0.2251,  0.1778, -0.1535],
          [ 0.1391, -0.1535, -0.1045]]],


        [[[ 0.0305,  0.0157,  0.0651],
          [-0.0252, -0.1045,  0.0016],
          [ 0.0469,  0.0016,  0.0016]],

         [[-0.0689, -0.0532,  0.0157],
          [ 0.0157,  0.0016,  0.0305],
          [ 0.0305, -0.0119,  0.0157]],

         [[-0.0860, -0.0689, -0.0119],
          [-0.0252, -0.1045, -0.0387],
          [ 0.0016, -0.0387, -0.0689]],

         ...,

         [[-0.0532, -0.0252, -0.0387],
          [-0.0252, -0.0119, -0.0252],
          [-0.0252, -0.0252, -0.0689]],

         [[-0.0387,  0.0469, -0.0689],
          [-0.0532, -0.0252, -0.0689],
          [-0.0860, -0.0119, -0.0532]],

         [[ 0.0016, -0.1045, -0.0532],
          [-0.0387, -0.0387, -0.0252],
          [-0.0532, -0.0689,  0.0469]]],


        [[[-0.0860, -0.1045, -0.1045],
          [-0.0252, -0.0532, -0.0532],
          [-0.0387, -0.0689, -0.0532]],

         [[ 0.0469,  0.1090,  0.0852],
          [-0.0119,  0.0469,  0.0157],
          [ 0.0016,  0.0852,  0.0469]],

         [[-0.0532, -0.0387,  0.0016],
          [-0.0387, -0.0387,  0.0157],
          [-0.0532, -0.0387,  0.0016]],

         ...,

         [[ 0.0469,  0.1391,  0.0305],
          [ 0.0651,  0.1090,  0.0157],
          [ 0.0305,  0.1090,  0.0016]],

         [[ 0.0157,  0.0305, -0.0252],
          [-0.0119,  0.0157, -0.0532],
          [-0.0119,  0.0305, -0.0387]],

         [[ 0.1090,  0.0016, -0.0387],
          [ 0.0305, -0.0532, -0.0387],
          [ 0.0305, -0.0387, -0.0532]]],


        ...,


        [[[-0.0119, -0.0119, -0.0532],
          [ 0.0016, -0.0860, -0.0532],
          [-0.0252,  0.0305,  0.0651]],

         [[-0.0532, -0.0119, -0.0387],
          [-0.0532, -0.0387, -0.0119],
          [-0.0689, -0.0387,  0.0016]],

         [[ 0.0852,  0.0305, -0.0119],
          [ 0.0016, -0.0532,  0.0016],
          [-0.0119, -0.0252,  0.0305]],

         ...,

         [[ 0.0651,  0.0157, -0.0532],
          [-0.0252, -0.0252,  0.0016],
          [-0.0387,  0.0016,  0.0305]],

         [[-0.0689, -0.0689,  0.0305],
          [ 0.0016,  0.0469,  0.0157],
          [ 0.0016, -0.0387, -0.0689]],

         [[ 0.0016,  0.0157, -0.0252],
          [ 0.0469, -0.0252,  0.0157],
          [-0.0119,  0.0469,  0.1090]]],


        [[[-0.0119, -0.0532, -0.0252],
          [-0.0532, -0.0689,  0.0016],
          [ 0.0016, -0.0252,  0.0305]],

         [[ 0.0305,  0.0016, -0.0387],
          [-0.0119, -0.0387, -0.0119],
          [-0.0387, -0.0689, -0.0252]],

         [[ 0.0157, -0.0387, -0.0119],
          [-0.0532, -0.0252,  0.0016],
          [ 0.0016, -0.0119, -0.0252]],

         ...,

         [[-0.0119, -0.0532, -0.0119],
          [-0.0252,  0.0157,  0.0305],
          [-0.0252,  0.0157, -0.0119]],

         [[ 0.0157,  0.0469,  0.0469],
          [ 0.0651,  0.0469,  0.0157],
          [ 0.0469,  0.0305, -0.0252]],

         [[ 0.0852,  0.0157,  0.0157],
          [ 0.0651,  0.0469,  0.0016],
          [ 0.0157,  0.0157, -0.0532]]],


        [[[-0.0532, -0.0119, -0.0689],
          [-0.0689, -0.0119, -0.0252],
          [-0.0252, -0.1045, -0.0387]],

         [[ 0.0651, -0.1045, -0.0860],
          [ 0.0651,  0.0157, -0.0387],
          [-0.0119,  0.0305,  0.0469]],

         [[-0.0387, -0.0252,  0.0157],
          [ 0.0305, -0.0119,  0.0305],
          [ 0.0016,  0.0016, -0.0532]],

         ...,

         [[-0.0387,  0.0469,  0.0852],
          [-0.0689, -0.0860,  0.1090],
          [ 0.1391, -0.0252, -0.0689]],

         [[-0.0860, -0.0387, -0.0252],
          [-0.0252, -0.1045, -0.1265],
          [ 0.0016, -0.0119, -0.1045]],

         [[-0.0252,  0.0157,  0.0651],
          [-0.0387, -0.0860, -0.0119],
          [ 0.0469, -0.0119, -0.0119]]]], device='cuda:0', requires_grad=True)Conv2d(256, 48, kernel_size=(1, 1), stride=(1, 1))Parameter containing:
tensor([[[[-0.0101]],

         [[-0.0781]],

         [[ 0.0603]],

         ...,

         [[-0.1022]],

         [[ 0.0122]],

         [[-0.0101]]],


        [[[-0.0328]],

         [[-0.1022]],

         [[ 0.0603]],

         ...,

         [[ 0.0122]],

         [[-0.2249]],

         [[-0.0558]]],


        [[[-0.0781]],

         [[-0.0101]],

         [[-0.0558]],

         ...,

         [[-0.0328]],

         [[-0.0781]],

         [[-0.1022]]],


        ...,


        [[[ 0.0890]],

         [[-0.1022]],

         [[ 0.0603]],

         ...,

         [[-0.0101]],

         [[-0.0328]],

         [[-0.0328]]],


        [[[-0.1583]],

         [[-0.0101]],

         [[ 0.0350]],

         ...,

         [[-0.1903]],

         [[-0.0328]],

         [[-0.0781]]],


        [[[ 0.0890]],

         [[-0.1274]],

         [[-0.0101]],

         ...,

         [[ 0.1488]],

         [[-0.0328]],

         [[ 0.0350]]]], device='cuda:0', requires_grad=True)Conv2d(48, 192, kernel_size=(1, 1), stride=(1, 1))Parameter containing:
tensor([[[[-0.1140]],

         [[-0.0603]],

         [[ 0.1204]],

         ...,

         [[-0.0603]],

         [[-0.1140]],

         [[ 0.1435]]],


        [[[-0.2085]],

         [[-0.0251]],

         [[ 0.1965]],

         ...,

         [[ 0.0981]],

         [[ 0.0602]],

         [[-0.0960]]],


        [[[-0.1345]],

         [[-0.0420]],

         [[ 0.0259]],

         ...,

         [[-0.0789]],

         [[-0.0789]],

         [[-0.0251]]],


        ...,


        [[[-0.1345]],

         [[ 0.0602]],

         [[ 0.0602]],

         ...,

         [[-0.0420]],

         [[-0.1140]],

         [[ 0.0779]]],


        [[[ 0.0602]],

         [[-0.2085]],

         [[-0.0960]],

         ...,

         [[-0.0082]],

         [[ 0.0602]],

         [[-0.0251]]],


        [[[ 0.0259]],

         [[ 0.1435]],

         [[-0.0789]],

         ...,

         [[ 0.0602]],

         [[-0.0082]],

         [[ 0.0087]]]], device='cuda:0', requires_grad=True)Conv2d(48, 192, kernel_size=(3, 3), stride=(1, 1), padding=(1, 1))Parameter containing:
tensor([[[[-0.0398, -0.0398, -0.0767],
          [ 0.0602, -0.0194, -0.0509],
          [ 0.0213, -0.0194, -0.0293]],

         [[-0.0094, -0.0094,  0.0457],
          [-0.0293, -0.0509,  0.0328],
          [ 0.0005, -0.0398,  0.0107]],

         [[-0.0293, -0.0918, -0.0194],
          [ 0.0328,  0.0602,  0.1227],
          [ 0.0005,  0.0107, -0.0293]],

         ...,

         [[-0.0094, -0.0194, -0.1097],
          [ 0.2370,  0.2370, -0.0094],
          [-0.0398, -0.0293, -0.1097]],

         [[-0.0194, -0.0094, -0.0094],
          [-0.0767, -0.0398, -0.0918],
          [-0.0630, -0.0094, -0.0630]],

         [[ 0.0005, -0.0293, -0.0398],
          [-0.0094, -0.0293,  0.0107],
          [ 0.0005,  0.0005, -0.0094]]],


        [[[-0.0398,  0.0005, -0.0398],
          [ 0.0005,  0.0602,  0.0005],
          [-0.0293, -0.0094, -0.0398]],

         [[-0.0918, -0.0293, -0.0094],
          [-0.1097, -0.0630, -0.0398],
          [-0.0767, -0.0398, -0.0293]],

         [[-0.0509, -0.0630, -0.0630],
          [-0.0293, -0.0398, -0.0509],
          [ 0.0107,  0.0005,  0.0107]],

         ...,

         [[-0.0194, -0.0094,  0.0005],
          [ 0.0213,  0.0107,  0.0328],
          [-0.0194, -0.0194,  0.0213]],

         [[-0.0398,  0.0005, -0.0194],
          [ 0.0005,  0.0602, -0.0094],
          [-0.0094,  0.0457,  0.0213]],

         [[-0.0398, -0.0293, -0.0398],
          [-0.0398, -0.0398, -0.0509],
          [-0.0293, -0.0398, -0.0398]]],


        [[[ 0.0107,  0.0107, -0.0094],
          [ 0.0005, -0.0194, -0.0293],
          [ 0.0005, -0.0094, -0.0094]],

         [[ 0.0005,  0.0107,  0.0107],
          [ 0.0005,  0.0005,  0.0005],
          [ 0.0328,  0.0769,  0.0457]],

         [[ 0.0328,  0.0005,  0.0213],
          [ 0.0107, -0.0094,  0.0213],
          [ 0.0107,  0.0107,  0.0328]],

         ...,

         [[-0.0509, -0.0509, -0.0398],
          [-0.0293, -0.0293, -0.0194],
          [ 0.0213,  0.0107,  0.0328]],

         [[-0.0630, -0.1097, -0.0630],
          [-0.0293, -0.0509, -0.0509],
          [-0.0630, -0.0630, -0.0630]],

         [[-0.0194, -0.0094, -0.0194],
          [-0.0094, -0.0094, -0.0094],
          [-0.0194,  0.0328,  0.0005]]],


        ...,


        [[[ 0.0769,  0.0213,  0.0769],
          [ 0.0769, -0.0630,  0.0602],
          [ 0.0107, -0.0194,  0.0213]],

         [[-0.0509, -0.0398, -0.0509],
          [-0.0194, -0.0094, -0.0509],
          [ 0.0005, -0.0094, -0.0194]],

         [[-0.0509, -0.0398, -0.0509],
          [-0.0194, -0.0094, -0.0194],
          [-0.0094,  0.0005,  0.0107]],

         ...,

         [[ 0.0107, -0.0094, -0.0293],
          [-0.0194, -0.0194, -0.0398],
          [-0.0293, -0.0094, -0.0398]],

         [[ 0.0107, -0.0293,  0.0107],
          [-0.0094, -0.0293, -0.0398],
          [ 0.0213, -0.0094,  0.0107]],

         [[ 0.0328,  0.0769,  0.0328],
          [-0.0094,  0.0107,  0.0328],
          [-0.0194,  0.0213, -0.0194]]],


        [[[-0.0094, -0.0094, -0.0094],
          [-0.0194,  0.0328,  0.0107],
          [-0.0398,  0.0213,  0.0213]],

         [[ 0.0328, -0.0509, -0.0630],
          [ 0.2370,  0.1227, -0.1619],
          [ 0.0769,  0.0602, -0.0509]],

         [[-0.0509, -0.0509, -0.0398],
          [ 0.0107, -0.0509, -0.0509],
          [ 0.0107, -0.0293, -0.0398]],

         ...,

         [[ 0.0005, -0.0398,  0.0107],
          [-0.0094, -0.0094,  0.0602],
          [-0.0094, -0.0398,  0.0213]],

         [[-0.0767,  0.0457, -0.0094],
          [-0.1097,  0.0328,  0.0005],
          [-0.0630,  0.0107, -0.0094]],

         [[ 0.0005, -0.0194, -0.0509],
          [ 0.0213,  0.0005, -0.0293],
          [ 0.0213,  0.0107, -0.0293]]],


        [[[ 0.0213,  0.0457, -0.0767],
          [ 0.0970,  0.0769, -0.0918],
          [ 0.0970,  0.0769, -0.0509]],

         [[ 0.0005,  0.0107,  0.0107],
          [-0.0398, -0.0194,  0.0457],
          [ 0.0107, -0.0194,  0.0457]],

         [[ 0.0457,  0.0602, -0.0194],
          [ 0.0213,  0.0602,  0.0457],
          [-0.0094,  0.0213,  0.0213]],

         ...,

         [[-0.0630, -0.0767,  0.0970],
          [-0.1619, -0.1619,  0.0970],
          [-0.1307, -0.0630,  0.1528]],

         [[-0.0194,  0.0005, -0.0509],
          [-0.0094,  0.0213, -0.0630],
          [-0.0194, -0.0293, -0.0630]],

         [[ 0.0005,  0.0005,  0.0213],
          [-0.0293, -0.0194,  0.0457],
          [-0.0194, -0.0293,  0.0213]]]], device='cuda:0', requires_grad=True)Conv2d(384, 48, kernel_size=(1, 1), stride=(1, 1))Parameter containing:
tensor([[[[-0.0426]],

         [[-0.0821]],

         [[-0.1026]],

         ...,

         [[ 0.0138]],

         [[-0.0242]],

         [[ 0.1547]]],


        [[[-0.0242]],

         [[ 0.1265]],

         [[-0.0242]],

         ...,

         [[-0.0242]],

         [[ 0.0138]],

         [[-0.0821]]],


        [[[-0.0059]],

         [[-0.0821]],

         [[-0.1509]],

         ...,

         [[-0.0059]],

         [[-0.0624]],

         [[-0.0426]]],


        ...,


        [[[ 0.1012]],

         [[-0.0624]],

         [[-0.0624]],

         ...,

         [[ 0.0342]],

         [[ 0.0342]],

         [[-0.0426]]],


        [[[-0.0426]],

         [[-0.2563]],

         [[-0.1256]],

         ...,

         [[ 0.1547]],

         [[ 0.0138]],

         [[-0.0821]]],


        [[[ 0.1265]],

         [[ 0.0780]],

         [[ 0.0555]],

         ...,

         [[-0.1256]],

         [[-0.0242]],

         [[-0.1802]]]], device='cuda:0', requires_grad=True)Conv2d(48, 192, kernel_size=(1, 1), stride=(1, 1))Parameter containing:
tensor([[[[-0.0509]],

         [[ 0.0999]],

         [[ 0.0999]],

         ...,

         [[-0.1116]],

         [[ 0.0999]],

         [[-0.0328]]],


        [[[-0.0509]],

         [[-0.1356]],

         [[ 0.0184]],

         ...,

         [[ 0.0375]],

         [[ 0.0375]],

         [[-0.0328]]],


        [[[ 0.0375]],

         [[-0.2219]],

         [[ 0.0008]],

         ...,

         [[ 0.0184]],

         [[ 0.1479]],

         [[ 0.0008]]],


        ...,


        [[[ 0.0999]],

         [[-0.0695]],

         [[ 0.1239]],

         ...,

         [[-0.1593]],

         [[ 0.0375]],

         [[-0.0695]]],


        [[[ 0.0184]],

         [[-0.1116]],

         [[-0.1356]],

         ...,

         [[ 0.2525]],

         [[-0.0509]],

         [[ 0.0375]]],


        [[[-0.0898]],

         [[ 0.2113]],

         [[-0.0328]],

         ...,

         [[ 0.0772]],

         [[-0.0156]],

         [[-0.0328]]]], device='cuda:0', requires_grad=True)Conv2d(48, 192, kernel_size=(3, 3), stride=(1, 1), padding=(1, 1))Parameter containing:
tensor([[[[-0.0523, -0.0523, -0.0632],
          [ 0.0031, -0.0236, -0.0057],
          [-0.0057, -0.0057,  0.0031]],

         [[-0.0146, -0.0893, -0.0753],
          [ 0.0031, -0.0422, -0.0422],
          [ 0.0322,  0.0553,  0.0123]],

         [[ 0.1024,  0.1024,  0.1024],
          [ 0.0219,  0.0432,  0.0432],
          [-0.0632, -0.0327, -0.0327]],

         ...,

         [[-0.0146, -0.0057, -0.0057],
          [-0.0327, -0.0236, -0.0057],
          [ 0.0219,  0.0553,  0.0219]],

         [[-0.0632, -0.0893, -0.0523],
          [-0.0327, -0.0327, -0.0236],
          [ 0.0688,  0.0322,  0.0432]],

         [[-0.0327, -0.0632, -0.0523],
          [-0.0236, -0.0146, -0.0523],
          [-0.0893, -0.0893, -0.1248]]],


        [[[-0.0146, -0.0327, -0.0327],
          [-0.0327,  0.0123, -0.0057],
          [-0.0146,  0.0031,  0.0123]],

         [[-0.0236, -0.0632, -0.0422],
          [-0.0632, -0.0753, -0.0893],
          [-0.0753, -0.0753, -0.0753]],

         [[ 0.0031,  0.0219,  0.0123],
          [ 0.0123,  0.0432,  0.0219],
          [ 0.0322,  0.0432,  0.0219]],

         ...,

         [[ 0.0432,  0.0432,  0.0432],
          [ 0.1232,  0.1024,  0.1024],
          [ 0.0031, -0.0236, -0.0146]],

         [[-0.0753, -0.0422, -0.0632],
          [-0.1055, -0.0327, -0.1055],
          [-0.0422, -0.0146, -0.0753]],

         [[-0.0327, -0.0523, -0.0327],
          [ 0.0553,  0.0219,  0.0219],
          [ 0.0322,  0.0432, -0.0057]]],


        [[[-0.0146, -0.0327, -0.0236],
          [-0.0057, -0.0146, -0.0146],
          [ 0.0322,  0.0432,  0.0123]],

         [[-0.0057, -0.0236, -0.0236],
          [-0.0236, -0.0523, -0.0523],
          [-0.0146, -0.0146, -0.0146]],

         [[ 0.0432,  0.0322,  0.0432],
          [ 0.0031, -0.0146,  0.0031],
          [ 0.0123, -0.0146, -0.0146]],

         ...,

         [[-0.0146,  0.0031,  0.0123],
          [-0.0632, -0.0523, -0.0146],
          [-0.0523, -0.0327, -0.0327]],

         [[-0.0523, -0.0057, -0.0523],
          [ 0.0031,  0.0843, -0.0057],
          [-0.0632,  0.0123, -0.0523]],

         [[-0.0753, -0.0753, -0.0422],
          [-0.0632, -0.0422, -0.0146],
          [-0.0893, -0.0422, -0.0422]]],


        ...,


        [[[-0.0422, -0.0523, -0.0523],
          [-0.0523, -0.0753, -0.0523],
          [-0.0523, -0.0632, -0.0523]],

         [[-0.0236, -0.0327, -0.0327],
          [ 0.0031, -0.0057, -0.0146],
          [ 0.0123, -0.0146,  0.0031]],

         [[ 0.0123,  0.0432,  0.0322],
          [ 0.0322,  0.0688,  0.0688],
          [ 0.0432,  0.0553,  0.0553]],

         ...,

         [[ 0.0432,  0.0123,  0.0123],
          [-0.0327, -0.0632, -0.0422],
          [-0.0057, -0.0236, -0.0146]],

         [[-0.0422, -0.0327, -0.0236],
          [-0.0327, -0.0523, -0.0523],
          [-0.0236, -0.0632, -0.0632]],

         [[ 0.0123, -0.0146, -0.0327],
          [-0.0057, -0.0146, -0.0146],
          [-0.0146, -0.0523, -0.0523]]],


        [[[ 0.0123,  0.0031, -0.0327],
          [ 0.0553,  0.0219, -0.0523],
          [ 0.0031,  0.0322, -0.0057]],

         [[ 0.0553, -0.0327, -0.1055],
          [ 0.1024,  0.0219, -0.1248],
          [ 0.0688,  0.0219, -0.1248]],

         [[ 0.0031,  0.0031, -0.0236],
          [-0.0236,  0.0432,  0.0219],
          [ 0.0031,  0.0322,  0.0219]],

         ...,

         [[-0.0146, -0.0236, -0.0327],
          [ 0.0123, -0.0236, -0.0236],
          [-0.0057, -0.0523, -0.0327]],

         [[-0.0057, -0.0422,  0.0322],
          [-0.0327, -0.0146,  0.0843],
          [-0.0523, -0.0327,  0.0688]],

         [[ 0.0031, -0.0057, -0.0236],
          [-0.0057, -0.0057, -0.0236],
          [-0.0057,  0.0123,  0.0553]]],


        [[[-0.0753, -0.0523, -0.0327],
          [-0.0893, -0.0523, -0.0422],
          [-0.0057,  0.0219,  0.0031]],

         [[-0.0753, -0.0753, -0.0632],
          [-0.0146,  0.1024,  0.0219],
          [ 0.0031,  0.0031,  0.0031]],

         [[-0.0422, -0.0523, -0.0327],
          [ 0.0123,  0.1232,  0.0123],
          [ 0.0123, -0.0057,  0.0031]],

         ...,

         [[-0.0523, -0.0327, -0.0236],
          [-0.0057,  0.0322, -0.0057],
          [-0.0236,  0.0031, -0.0236]],

         [[-0.0146, -0.0146, -0.0146],
          [-0.0236,  0.0688, -0.0057],
          [-0.0327, -0.0236, -0.0057]],

         [[-0.0057, -0.0422, -0.0146],
          [-0.0057,  0.0123, -0.0146],
          [-0.0422, -0.0632, -0.0523]]]], device='cuda:0', requires_grad=True)Conv2d(384, 64, kernel_size=(1, 1), stride=(1, 1))Parameter containing:
tensor([[[[ 0.0245]],

         [[ 0.0638]],

         [[ 0.0862]],

         ...,

         [[-0.0682]],

         [[ 0.0245]],

         [[ 0.0638]]],


        [[[-0.0308]],

         [[ 0.0056]],

         [[-0.0682]],

         ...,

         [[-0.0490]],

         [[ 0.0436]],

         [[-0.0308]]],


        [[[-0.0682]],

         [[-0.0308]],

         [[-0.0129]],

         ...,

         [[-0.0490]],

         [[ 0.0436]],

         [[-0.0308]]],


        ...,


        [[[-0.0308]],

         [[ 0.0245]],

         [[ 0.0056]],

         ...,

         [[ 0.0862]],

         [[ 0.0862]],

         [[ 0.1109]]],


        [[[-0.0490]],

         [[ 0.0056]],

         [[-0.0682]],

         ...,

         [[-0.0490]],

         [[-0.0490]],

         [[-0.1654]]],


        [[[ 0.0056]],

         [[ 0.0862]],

         [[ 0.0056]],

         ...,

         [[ 0.0056]],

         [[-0.1100]],

         [[-0.0490]]]], device='cuda:0', requires_grad=True)Conv2d(64, 256, kernel_size=(1, 1), stride=(1, 1))Parameter containing:
tensor([[[[ 0.0610]],

         [[-0.0777]],

         [[-0.0036]],

         ...,

         [[-0.0036]],

         [[-0.0927]],

         [[-0.0927]]],


        [[[-0.0329]],

         [[ 0.1427]],

         [[ 0.0979]],

         ...,

         [[ 0.0441]],

         [[-0.0185]],

         [[-0.0777]]],


        [[[ 0.0281]],

         [[-0.0185]],

         [[-0.0623]],

         ...,

         [[ 0.0610]],

         [[-0.0036]],

         [[-0.0777]]],


        ...,


        [[[-0.0777]],

         [[-0.0185]],

         [[ 0.0122]],

         ...,

         [[-0.0777]],

         [[ 0.0281]],

         [[-0.0329]]],


        [[[ 0.0610]],

         [[ 0.0979]],

         [[-0.0329]],

         ...,

         [[-0.0777]],

         [[ 0.1698]],

         [[-0.1475]]],


        [[[-0.0927]],

         [[-0.0329]],

         [[-0.0036]],

         ...,

         [[ 0.0441]],

         [[ 0.0281]],

         [[-0.0036]]]], device='cuda:0', requires_grad=True)Conv2d(64, 256, kernel_size=(3, 3), stride=(1, 1), padding=(1, 1))Parameter containing:
tensor([[[[-0.0124,  0.0083,  0.0398],
          [-0.0056,  0.0083,  0.0013],
          [-0.0056,  0.0232,  0.0156]],

         [[-0.0704, -0.0832, -0.0503],
          [-0.0596, -0.0596, -0.0503],
          [-0.0264, -0.0596, -0.0596]],

         [[ 0.0312,  0.0491,  0.0398],
          [ 0.0156,  0.0312,  0.0398],
          [ 0.0398,  0.0232,  0.0312]],

         ...,

         [[ 0.0156,  0.0083,  0.0083],
          [ 0.0083,  0.0156,  0.0398],
          [ 0.0232,  0.0398,  0.0491]],

         [[-0.0124, -0.0056, -0.0339],
          [-0.0124,  0.0156,  0.0013],
          [-0.0124, -0.0056,  0.0083]],

         [[-0.0124, -0.0418, -0.0124],
          [-0.0056, -0.0264, -0.0124],
          [-0.0056, -0.0596, -0.0264]]],


        [[[-0.0124, -0.0056, -0.0193],
          [ 0.0232,  0.0232,  0.0232],
          [ 0.0156,  0.0156,  0.0083]],

         [[-0.0264, -0.0418, -0.0124],
          [-0.0264, -0.0503, -0.0124],
          [-0.0264, -0.0832, -0.0193]],

         [[-0.0193, -0.0056, -0.0339],
          [-0.0264,  0.0013, -0.0503],
          [-0.0264, -0.0056, -0.0418]],

         ...,

         [[ 0.0398,  0.0232,  0.0232],
          [ 0.0594,  0.0594,  0.0398],
          [ 0.0491,  0.0851,  0.0156]],

         [[-0.0193, -0.0056,  0.0156],
          [-0.0124, -0.0124,  0.0013],
          [-0.0264, -0.0056, -0.0193]],

         [[ 0.0232, -0.0124,  0.0232],
          [-0.0056,  0.0013,  0.0083],
          [ 0.0013,  0.0083,  0.0232]]],


        [[[ 0.0083, -0.0193,  0.0013],
          [ 0.0491, -0.0264,  0.0013],
          [-0.0056, -0.0124,  0.0013]],

         [[ 0.0712,  0.0013, -0.0596],
          [ 0.0851, -0.0264, -0.0418],
          [ 0.0491, -0.0124, -0.0339]],

         [[-0.0832, -0.0596,  0.0156],
          [-0.0596, -0.0503, -0.0056],
          [-0.0339,  0.0398,  0.0851]],

         ...,

         [[ 0.0083, -0.0264,  0.0013],
          [ 0.0083, -0.0339, -0.0339],
          [-0.0193, -0.0264, -0.0193]],

         [[ 0.0851, -0.0264, -0.0503],
          [ 0.0712, -0.0503, -0.0596],
          [ 0.0312, -0.0193, -0.0339]],

         [[ 0.0491,  0.0398,  0.0232],
          [ 0.0594, -0.0264, -0.0418],
          [ 0.0312, -0.0193, -0.0193]]],


        ...,


        [[[ 0.0156, -0.0339,  0.0156],
          [-0.0124, -0.0339, -0.0193],
          [ 0.0083,  0.0083,  0.0013]],

         [[ 0.0232,  0.0156,  0.0083],
          [ 0.0594,  0.0491, -0.0056],
          [ 0.0083, -0.0056, -0.0124]],

         [[-0.0056, -0.0339, -0.0339],
          [-0.0503, -0.0596, -0.0339],
          [-0.0264, -0.0193,  0.0232]],

         ...,

         [[ 0.0312,  0.0398, -0.0339],
          [ 0.0013, -0.0056, -0.0596],
          [-0.0264, -0.0418, -0.0596]],

         [[ 0.0312,  0.0491,  0.0232],
          [ 0.0312,  0.0232, -0.0124],
          [-0.0056, -0.0596, -0.0596]],

         [[-0.0124, -0.0193,  0.0013],
          [ 0.0398,  0.0232,  0.0398],
          [ 0.0156,  0.0013,  0.0232]]],


        [[[-0.0193,  0.0013, -0.0264],
          [ 0.0083, -0.0124,  0.0156],
          [ 0.0156,  0.0156,  0.0013]],

         [[-0.0056, -0.0056, -0.0056],
          [ 0.0156,  0.0156,  0.0312],
          [-0.0056, -0.0124,  0.0013]],

         [[-0.0503,  0.0232, -0.0596],
          [-0.0832, -0.0339, -0.0704],
          [-0.0056, -0.0124, -0.0193]],

         ...,

         [[ 0.0232,  0.0156,  0.0312],
          [ 0.0013, -0.0503,  0.0083],
          [ 0.0312,  0.0712,  0.0312]],

         [[-0.0056,  0.0013, -0.0056],
          [-0.0339, -0.0418, -0.0264],
          [-0.0418, -0.0339, -0.0832]],

         [[ 0.0312, -0.0124, -0.0193],
          [ 0.0156, -0.0339, -0.0339],
          [ 0.0232, -0.0339, -0.0704]]],


        [[[ 0.0156,  0.0156,  0.0312],
          [ 0.0232, -0.0418,  0.0232],
          [ 0.0156, -0.0193,  0.0156]],

         [[-0.0124, -0.0193, -0.0056],
          [ 0.0083, -0.0193,  0.0398],
          [-0.0264, -0.0264, -0.0124]],

         [[ 0.0232,  0.0491,  0.0232],
          [ 0.0156,  0.0083,  0.0232],
          [ 0.0083, -0.0193,  0.0156]],

         ...,

         [[-0.0596, -0.0503, -0.0418],
          [-0.0339, -0.0418, -0.0056],
          [-0.0339, -0.0704,  0.0013]],

         [[-0.0503, -0.0704, -0.0056],
          [-0.0832, -0.1216, -0.0339],
          [-0.0503, -0.0832,  0.0013]],

         [[ 0.0312,  0.0156,  0.0013],
          [ 0.0083,  0.0083,  0.0083],
          [-0.0193,  0.0013, -0.0124]]]], device='cuda:0', requires_grad=True)Conv2d(512, 64, kernel_size=(1, 1), stride=(1, 1))Parameter containing:
tensor([[[[-0.0197]],

         [[-0.0197]],

         [[ 0.1103]],

         ...,

         [[-0.1391]],

         [[ 0.0417]],

         [[ 0.0257]]],


        [[[-0.0654]],

         [[-0.1174]],

         [[ 0.0923]],

         ...,

         [[ 0.0577]],

         [[-0.0818]],

         [[-0.0654]]],


        [[[ 0.0577]],

         [[-0.0498]],

         [[-0.0654]],

         ...,

         [[-0.1174]],

         [[-0.0349]],

         [[ 0.0577]]],


        ...,


        [[[-0.0197]],

         [[-0.0046]],

         [[ 0.0577]],

         ...,

         [[-0.0046]],

         [[ 0.1295]],

         [[-0.1659]]],


        [[[ 0.0923]],

         [[ 0.0923]],

         [[-0.0046]],

         ...,

         [[ 0.0417]],

         [[-0.0988]],

         [[-0.0349]]],


        [[[ 0.1103]],

         [[ 0.0417]],

         [[-0.0349]],

         ...,

         [[-0.0349]],

         [[ 0.0417]],

         [[ 0.0923]]]], device='cuda:0', requires_grad=True)Conv2d(64, 256, kernel_size=(1, 1), stride=(1, 1))Parameter containing:
tensor([[[[-0.0029]],

         [[ 0.0375]],

         [[ 0.0576]],

         ...,

         [[-0.1207]],

         [[-0.0029]],

         [[ 0.1021]]],


        [[[-0.1016]],

         [[-0.0238]],

         [[-0.0827]],

         ...,

         [[ 0.1516]],

         [[ 0.1260]],

         [[ 0.0375]]],


        [[[-0.1207]],

         [[-0.0637]],

         [[ 0.1260]],

         ...,

         [[-0.0029]],

         [[ 0.0576]],

         [[-0.0637]]],


        ...,


        [[[-0.2088]],

         [[ 0.0576]],

         [[ 0.0375]],

         ...,

         [[ 0.1260]],

         [[ 0.1516]],

         [[ 0.1260]]],


        [[[-0.1207]],

         [[-0.0827]],

         [[-0.0238]],

         ...,

         [[-0.0637]],

         [[ 0.0375]],

         [[-0.1837]]],


        [[[-0.0637]],

         [[-0.0637]],

         [[-0.0637]],

         ...,

         [[ 0.1516]],

         [[-0.0827]],

         [[-0.0637]]]], device='cuda:0', requires_grad=True)Conv2d(64, 256, kernel_size=(3, 3), stride=(1, 1), padding=(1, 1))Parameter containing:
tensor([[[[-0.0765, -0.0765, -0.0665],
          [-0.0883, -0.0665, -0.0883],
          [-0.0499, -0.0216, -0.0578]],

         [[-0.0425, -0.0353, -0.0353],
          [-0.0665, -0.0578, -0.0665],
          [-0.0083, -0.0149, -0.0083]],

         [[ 0.0436,  0.0270,  0.0436],
          [ 0.0270, -0.0149,  0.0270],
          [ 0.0195, -0.0216,  0.0195]],

         ...,

         [[ 0.0270,  0.0195,  0.0436],
          [ 0.0195,  0.0054,  0.0123],
          [ 0.0123, -0.0083,  0.0054]],

         [[-0.0015, -0.0216, -0.0353],
          [-0.0283, -0.0283, -0.0353],
          [-0.0015, -0.0149, -0.0083]],

         [[-0.0015, -0.0149, -0.0149],
          [-0.0015, -0.0015, -0.0149],
          [-0.0015, -0.0083, -0.0083]]],


        [[[-0.0425, -0.0665, -0.0425],
          [-0.0665, -0.0765, -0.0578],
          [-0.0283, -0.0353, -0.0283]],

         [[-0.0015, -0.0083, -0.0083],
          [-0.0216, -0.0353, -0.0216],
          [-0.0015, -0.0216, -0.0015]],

         [[-0.0216, -0.0083, -0.0353],
          [-0.0283,  0.0054, -0.0353],
          [-0.0283,  0.0195, -0.0149]],

         ...,

         [[ 0.0270,  0.0270,  0.0436],
          [ 0.0350,  0.0350,  0.0350],
          [ 0.0123,  0.0270,  0.0054]],

         [[ 0.0746,  0.1051,  0.0883],
          [ 0.0436,  0.0630,  0.0528],
          [ 0.0123,  0.0436,  0.0350]],

         [[ 0.0350,  0.0123,  0.0350],
          [ 0.0054,  0.0054,  0.0195],
          [ 0.0054, -0.0149,  0.0054]]],


        [[[ 0.0195, -0.0015,  0.0195],
          [ 0.0054, -0.0015,  0.0123],
          [ 0.0054,  0.0054,  0.0123]],

         [[-0.0149, -0.0216, -0.0149],
          [-0.0149, -0.0283, -0.0149],
          [-0.0015, -0.0015,  0.0123]],

         [[-0.0425, -0.0578, -0.0283],
          [-0.0499, -0.0578, -0.0353],
          [ 0.0270,  0.0270,  0.0270]],

         ...,

         [[-0.0015, -0.0015,  0.0054],
          [-0.0015, -0.0149, -0.0015],
          [ 0.0123, -0.0015,  0.0054]],

         [[ 0.0270,  0.0883,  0.0195],
          [-0.0216,  0.0630, -0.0015],
          [-0.0765, -0.0149, -0.0578]],

         [[ 0.0054, -0.0283,  0.0054],
          [-0.0149, -0.0425, -0.0083],
          [-0.0216, -0.0499, -0.0216]]],


        ...,


        [[[-0.0083, -0.0425, -0.0149],
          [-0.0578, -0.0765, -0.0499],
          [-0.0283, -0.0578, -0.0425]],

         [[ 0.0123,  0.0054,  0.0270],
          [-0.0149, -0.0283, -0.0083],
          [ 0.0195,  0.0123,  0.0270]],

         [[ 0.0350,  0.0270,  0.0436],
          [-0.0015, -0.0083,  0.0123],
          [ 0.0123,  0.0195,  0.0123]],

         ...,

         [[ 0.0195,  0.0350,  0.0054],
          [ 0.0350,  0.0630,  0.0436],
          [ 0.0054,  0.0123,  0.0195]],

         [[ 0.0195,  0.0350,  0.0123],
          [ 0.0436,  0.0883,  0.0436],
          [ 0.0123,  0.0436,  0.0054]],

         [[ 0.0123, -0.0083,  0.0270],
          [-0.0083, -0.0499, -0.0015],
          [-0.0149, -0.0353, -0.0083]]],


        [[[ 0.0123, -0.0353,  0.0123],
          [-0.0353, -0.0578, -0.0425],
          [-0.0883, -0.1215, -0.0765]],

         [[-0.0149,  0.0054, -0.0149],
          [-0.0353, -0.0353, -0.0283],
          [-0.0083, -0.0083, -0.0083]],

         [[-0.0665, -0.0425, -0.0499],
          [ 0.0054,  0.0270,  0.0123],
          [ 0.0123,  0.0436,  0.0123]],

         ...,

         [[ 0.0054,  0.0195, -0.0015],
          [ 0.0195,  0.0123,  0.0195],
          [ 0.0270,  0.0123,  0.0270]],

         [[ 0.0270,  0.0528,  0.0350],
          [-0.0216, -0.0083, -0.0216],
          [-0.0283, -0.0283, -0.0425]],

         [[ 0.0054,  0.0270,  0.0123],
          [-0.0015, -0.0015,  0.0123],
          [-0.0083, -0.0216, -0.0083]]],


        [[[-0.0353, -0.0353, -0.0353],
          [-0.0083, -0.0083, -0.0149],
          [ 0.0054, -0.0083, -0.0015]],

         [[ 0.0436,  0.0746,  0.0528],
          [ 0.0883,  0.1256,  0.0883],
          [ 0.0195,  0.0436,  0.0195]],

         [[-0.0015, -0.0015, -0.0083],
          [-0.0149, -0.0216, -0.0149],
          [ 0.0270,  0.0270,  0.0123]],

         ...,

         [[ 0.0054, -0.0216,  0.0054],
          [-0.0083, -0.0216,  0.0054],
          [ 0.0195,  0.0436,  0.0195]],

         [[ 0.0528,  0.0528,  0.0436],
          [ 0.0195,  0.0123,  0.0054],
          [-0.0353, -0.0499, -0.0353]],

         [[-0.0015, -0.0149,  0.0123],
          [-0.0425, -0.0665, -0.0353],
          [-0.0425, -0.0425, -0.0499]]]], device='cuda:0', requires_grad=True)Conv2d(512, 9, kernel_size=(1, 1), stride=(1, 1))Parameter containing:
tensor([[[[-0.0329]],

         [[ 0.1537]],

         [[-0.0202]],

         ...,

         [[ 0.0598]],

         [[-0.0329]],

         [[-0.0075]]],


        [[[ 0.0847]],

         [[ 0.0058]],

         [[-0.0463]],

         ...,

         [[-0.0614]],

         [[-0.0329]],

         [[-0.0075]]],


        [[[-0.1468]],

         [[ 0.1155]],

         [[-0.0828]],

         ...,

         [[ 0.0379]],

         [[-0.0329]],

         [[ 0.0379]]],


        ...,


        [[[ 0.0598]],

         [[-0.0202]],

         [[ 0.0598]],

         ...,

         [[ 0.1982]],

         [[ 0.0058]],

         [[ 0.0598]]],


        [[[-0.1122]],

         [[-0.0614]],

         [[-0.0463]],

         ...,

         [[-0.0614]],

         [[-0.0329]],

         [[-0.0075]]],


        [[[ 0.1982]],

         [[-0.1839]],

         [[ 0.0847]],

         ...,

         [[-0.1839]],

         [[ 0.0598]],

         [[-0.0828]]]], device='cuda:0', requires_grad=True)