Conv2d(3, 64, kernel_size=(3, 3), stride=(2, 2))Parameter containing:
tensor([[[[ 1.5207e-01,  1.9442e-01,  1.3714e-03],
          [ 2.9401e-01,  3.4484e-01,  8.9066e-02],
          [ 1.7663e-01,  1.8036e-01,  5.9087e-04]],

         [[-4.0837e-01, -4.5412e-01, -3.4265e-01],
          [-5.1027e-01, -5.3703e-01, -3.9425e-01],
          [-4.2457e-01, -4.4375e-01, -3.1730e-01]],

         [[ 1.6714e-01,  1.6983e-01,  2.3170e-01],
          [ 1.4040e-01,  8.8582e-02,  1.9808e-01],
          [ 2.3957e-01,  2.0983e-01,  2.8445e-01]]],


        [[[ 3.9277e-01, -9.1525e-02,  8.8390e-02],
          [-2.1063e-01,  9.0792e-02,  2.8175e-01],
          [ 4.3194e-02,  1.1455e-01, -3.5721e-01]],

         [[ 6.0844e-02, -4.1967e-01, -7.6514e-02],
          [-5.0779e-01,  1.1464e-01,  4.6862e-01],
          [ 1.7292e-01,  3.8509e-01, -2.9730e-01]],

         [[ 6.4643e-02, -2.5815e-01, -4.4687e-02],
          [-3.0739e-01,  1.5177e-01,  3.0589e-01],
          [ 1.8196e-01,  3.2143e-01, -2.5204e-01]]],


        [[[-5.7576e-02, -3.5634e-01, -3.2572e-01],
          [ 4.1471e-01,  6.0225e-01,  3.3357e-01],
          [-3.3303e-01, -2.3856e-01, -1.3414e-02]],

         [[-1.3211e-01, -5.4839e-01, -5.7325e-01],
          [ 6.4063e-01,  9.3529e-01,  4.8073e-01],
          [-4.2281e-01, -2.5967e-01, -1.6211e-02]],

         [[-1.0956e-01, -3.0030e-01, -2.4890e-01],
          [ 2.0166e-01,  3.5729e-01,  1.6171e-01],
          [-2.6528e-01, -1.9435e-01, -4.3792e-02]]],


        ...,


        [[[ 5.0535e-02,  5.2628e-01,  5.3413e-01],
          [-4.4372e-01, -3.8343e-02,  4.0924e-01],
          [-6.7245e-01, -5.6114e-01, -1.5794e-01]],

         [[-2.7784e-02, -3.0440e-02, -9.1289e-02],
          [ 9.2759e-02,  4.2898e-02, -3.9034e-02],
          [ 1.0324e-01,  1.4027e-01, -7.1028e-03]],

         [[-2.3863e-01, -5.2224e-01, -6.0683e-01],
          [ 3.0842e-01, -4.7546e-02, -4.5496e-01],
          [ 4.9318e-01,  4.5255e-01, -8.5957e-02]]],


        [[[-1.2000e-01, -2.1999e-01, -1.7157e-01],
          [-2.2489e-01, -2.3767e-01, -2.4465e-01],
          [-1.7403e-01, -1.7896e-01, -1.4788e-01]],

         [[ 9.1479e-02, -1.2246e-02,  3.6018e-02],
          [-5.7619e-02, -9.5855e-02, -1.1235e-01],
          [-4.3191e-02, -8.5785e-02, -5.1247e-02]],

         [[-6.3039e-02, -8.5032e-02, -3.8885e-02],
          [-2.4566e-01, -2.3986e-01, -2.4348e-01],
          [-3.1269e-01, -3.3243e-01, -2.8021e-01]]],


        [[[-8.1353e-02, -1.3547e-01, -1.7871e-01],
          [ 6.4652e-02, -1.4418e-02, -1.0184e-01],
          [ 1.0313e-01,  4.1516e-02, -6.3379e-02]],

         [[-9.1488e-03, -1.5782e-01, -2.3601e-01],
          [ 1.8273e-01,  2.3939e-02, -1.1790e-01],
          [ 2.5854e-01,  1.3140e-01, -1.0263e-02]],

         [[-1.2115e-01, -1.7790e-01, -1.9283e-01],
          [-1.0451e-01, -1.5989e-01, -1.9796e-01],
          [-1.0248e-01, -1.4948e-01, -1.8373e-01]]]], device='cuda:0',
       requires_grad=True)Conv2d(64, 16, kernel_size=(1, 1), stride=(1, 1))Parameter containing:
tensor([[[[-0.0996]],

         [[ 0.0243]],

         [[-0.0096]],

         ...,

         [[ 0.0588]],

         [[ 0.0353]],

         [[ 0.0157]]],


        [[[-0.1955]],

         [[-0.1448]],

         [[ 0.4559]],

         ...,

         [[ 0.8680]],

         [[ 0.2664]],

         [[ 0.1409]]],


        [[[-0.1214]],

         [[-0.4825]],

         [[-0.0587]],

         ...,

         [[-0.8143]],

         [[ 0.0177]],

         [[-0.1506]]],


        ...,


        [[[-0.3920]],

         [[ 0.0946]],

         [[-0.2778]],

         ...,

         [[-0.1066]],

         [[ 1.0761]],

         [[ 0.4021]]],


        [[[ 0.5671]],

         [[ 0.1185]],

         [[-0.0785]],

         ...,

         [[-0.0137]],

         [[-0.2022]],

         [[-0.5318]]],


        [[[ 0.1529]],

         [[-0.2871]],

         [[-0.6235]],

         ...,

         [[ 0.1663]],

         [[ 0.1965]],

         [[-0.0442]]]], device='cuda:0', requires_grad=True)Conv2d(16, 64, kernel_size=(1, 1), stride=(1, 1))Parameter containing:
tensor([[[[-0.1768]],

         [[ 0.0039]],

         [[-0.0532]],

         ...,

         [[ 0.3522]],

         [[-0.0056]],

         [[-0.1621]]],


        [[[ 0.1440]],

         [[-0.1172]],

         [[-0.1916]],

         ...,

         [[-0.1588]],

         [[-0.3314]],

         [[ 0.0929]]],


        [[[-0.0423]],

         [[-0.0029]],

         [[-0.0526]],

         ...,

         [[-0.1967]],

         [[-0.1611]],

         [[ 0.0354]]],


        ...,


        [[[ 0.3306]],

         [[ 0.2027]],

         [[-0.0724]],

         ...,

         [[-0.3424]],

         [[ 0.0246]],

         [[ 0.0030]]],


        [[[ 0.1131]],

         [[ 0.0150]],

         [[-0.2333]],

         ...,

         [[-0.1125]],

         [[ 0.2517]],

         [[ 0.0736]]],


        [[[ 0.1367]],

         [[-0.1948]],

         [[-0.2175]],

         ...,

         [[-0.2631]],

         [[ 0.0691]],

         [[-0.1047]]]], device='cuda:0', requires_grad=True)Conv2d(16, 64, kernel_size=(3, 3), stride=(1, 1), padding=(1, 1))Parameter containing:
tensor([[[[ 2.7177e-01, -6.6418e-02, -1.1530e-01],
          [ 1.6992e-01, -3.3285e-01, -9.6063e-02],
          [-3.8620e-02, -1.8260e-01,  3.6914e-02]],

         [[ 1.0606e-01, -4.6261e-02,  3.6609e-02],
          [ 2.1171e-02, -1.3637e-01, -6.6597e-02],
          [-4.0535e-02,  5.1757e-03,  8.3559e-02]],

         [[-4.8155e-02, -1.3898e-02, -3.1028e-02],
          [-5.3567e-02,  2.0593e-02, -8.7859e-02],
          [-9.6011e-02, -1.6984e-02, -1.0287e-01]],

         ...,

         [[-7.3523e-02, -2.7850e-02,  1.6058e-02],
          [-3.9810e-02,  4.6656e-02,  5.8737e-02],
          [-5.8556e-04,  9.5284e-02, -1.0593e-01]],

         [[-1.0018e-01,  4.9597e-02,  1.1820e-02],
          [ 9.8793e-03,  1.3795e-01,  4.9987e-02],
          [ 6.2404e-03,  8.6191e-02,  3.6339e-02]],

         [[-1.7122e-01, -8.8932e-02, -4.8174e-03],
          [ 1.8032e-01,  3.0120e-01,  1.3884e-01],
          [ 6.5858e-02,  1.3290e-01,  9.1590e-04]]],


        [[[-3.2858e-02, -9.0646e-02, -6.0171e-02],
          [-1.9548e-01, -2.4739e-01,  1.0750e-01],
          [-3.5197e-02, -2.0634e-01, -1.7102e-02]],

         [[-5.8619e-02, -1.0288e-01, -2.4955e-02],
          [-1.5833e-01,  9.4541e-02,  5.7064e-02],
          [-3.5816e-02, -8.6383e-03, -5.1585e-02]],

         [[-3.7030e-02, -3.6423e-02, -6.4021e-02],
          [ 2.5065e-02,  4.8563e-02, -6.7882e-02],
          [-3.9070e-02,  4.9063e-02, -7.4630e-02]],

         ...,

         [[-2.0352e-01, -1.9441e-01, -2.2007e-01],
          [-2.2459e-01,  5.1548e-01,  2.5371e-01],
          [-1.8623e-01,  1.0437e-01, -3.8642e-02]],

         [[ 3.9238e-02,  3.0142e-02,  1.6317e-02],
          [ 8.2078e-02,  1.9311e-02, -8.3015e-02],
          [ 4.9344e-02, -8.5682e-02, -7.7815e-02]],

         [[-7.0273e-02, -3.8626e-02, -6.8022e-02],
          [ 7.5054e-03,  4.7381e-02,  5.5881e-02],
          [-9.9141e-03, -1.3334e-01, -7.5529e-02]]],


        [[[-2.8021e-02,  3.7488e-02,  3.4953e-02],
          [ 6.1287e-02, -2.6018e-02, -8.3709e-02],
          [ 9.5332e-03,  5.1794e-02, -3.1277e-02]],

         [[-6.1386e-02, -6.6381e-03,  2.6043e-02],
          [ 5.9540e-02, -1.8083e-02, -2.2310e-02],
          [ 1.1633e-01,  1.4590e-01,  4.0388e-02]],

         [[-9.9890e-02, -9.5647e-02, -7.4345e-02],
          [-4.0717e-02, -4.5129e-02, -4.6937e-02],
          [-2.8439e-02, -3.9551e-02, -1.7528e-02]],

         ...,

         [[ 2.0358e-01,  1.5317e-01,  1.1015e-01],
          [ 1.3014e-01, -1.9062e-01, -1.2268e-01],
          [ 6.6133e-02, -2.7855e-02, -9.1015e-02]],

         [[-1.0753e-01, -3.6256e-02, -1.1412e-02],
          [-7.1196e-02, -1.8142e-02,  7.1651e-02],
          [-6.6845e-02,  2.7923e-02,  6.9783e-02]],

         [[ 5.9616e-02, -5.3041e-02, -1.9516e-02],
          [ 8.2719e-02, -1.0927e-01, -6.4184e-02],
          [ 6.9807e-03,  9.4486e-02,  3.7484e-02]]],


        ...,


        [[[ 7.2236e-02, -1.4858e-01, -8.0471e-02],
          [ 2.1437e-01, -2.9320e-01, -1.0595e-01],
          [-4.7556e-02, -2.7155e-01, -9.9620e-02]],

         [[ 5.9454e-02, -8.6257e-02, -7.9151e-02],
          [-4.0833e-02, -1.1203e-01, -1.2946e-01],
          [-9.9485e-02, -1.2203e-01,  1.3709e-01]],

         [[ 1.2758e-01,  1.2467e-01,  1.2400e-01],
          [ 6.7787e-02,  1.2873e-01,  8.1611e-02],
          [-9.7494e-04, -1.9885e-02,  8.8867e-02]],

         ...,

         [[-8.5088e-02, -4.9441e-02, -2.3495e-02],
          [-7.9758e-02,  1.8820e-01, -6.7662e-02],
          [-3.2792e-02, -9.8499e-02, -3.7804e-02]],

         [[-1.3575e-02, -3.0392e-02, -2.9260e-02],
          [-3.9559e-02,  1.1000e-01, -1.0240e-01],
          [ 2.0398e-02,  1.6824e-02, -4.3535e-02]],

         [[-1.7583e-02,  4.7170e-02,  3.2954e-02],
          [ 2.6431e-02,  5.9437e-04,  2.1956e-02],
          [ 1.9613e-02,  1.8385e-01, -4.4829e-02]]],


        [[[ 3.6772e-02,  3.0617e-03, -9.0977e-04],
          [ 3.2580e-02, -1.5462e-02,  4.9399e-03],
          [ 1.0969e-02,  2.9991e-02,  6.1479e-02]],

         [[-2.1903e-02,  2.9799e-02,  5.5278e-03],
          [-1.9543e-01, -2.7845e-01, -6.0367e-02],
          [-5.9726e-02, -9.7293e-02, -5.4217e-02]],

         [[-2.2667e-02, -2.3990e-03,  4.2553e-02],
          [-1.0414e-01, -8.9324e-02, -1.0875e-02],
          [-6.2150e-02, -7.8359e-02, -5.4461e-03]],

         ...,

         [[ 5.7300e-02,  5.2895e-02,  2.4690e-02],
          [ 1.3872e-02, -2.0628e-01, -3.5835e-02],
          [-7.1527e-02, -1.0337e-01, -2.7751e-02]],

         [[ 6.7121e-03, -3.0746e-02, -1.4205e-02],
          [ 3.0451e-02, -6.6497e-02,  1.6456e-02],
          [ 5.1235e-02,  2.8375e-02,  3.8895e-02]],

         [[-8.0466e-03, -5.5403e-03,  3.0244e-02],
          [ 1.1381e-01,  1.4864e-01,  1.2898e-01],
          [ 8.7601e-02,  1.0071e-01,  5.4962e-02]]],


        [[[-2.2770e-02, -5.3464e-02,  3.1854e-02],
          [ 4.4232e-02,  6.4429e-03, -1.6344e-02],
          [ 2.5673e-02,  7.2616e-02,  8.3871e-02]],

         [[-3.1689e-03, -1.5089e-02,  1.2348e-01],
          [ 6.8951e-02, -4.5567e-02, -4.7860e-02],
          [-2.4201e-02,  4.2260e-02,  2.4158e-02]],

         [[ 5.4640e-02, -1.1318e-02,  1.5238e-02],
          [ 4.1941e-03, -3.0156e-02, -2.9571e-02],
          [ 6.9948e-03, -1.7272e-02,  2.0500e-04]],

         ...,

         [[ 5.8852e-02, -1.5649e-01,  3.7150e-02],
          [ 5.6735e-02, -6.7792e-02,  1.2842e-01],
          [ 1.5755e-01,  2.5808e-01,  1.8724e-01]],

         [[ 1.3550e-01,  1.2409e-01,  1.1726e-01],
          [-5.1229e-02, -8.7541e-02, -1.4967e-02],
          [-8.8159e-02, -7.3679e-02, -6.0821e-02]],

         [[-1.7073e-02, -5.6205e-02,  3.8200e-02],
          [-1.2245e-01,  4.1251e-02, -4.4409e-02],
          [-4.6863e-02, -4.2252e-02, -1.8059e-02]]]], device='cuda:0',
       requires_grad=True)Conv2d(128, 16, kernel_size=(1, 1), stride=(1, 1))Parameter containing:
tensor([[[[ 0.0820]],

         [[-0.0168]],

         [[-0.0110]],

         ...,

         [[ 0.2423]],

         [[-0.0208]],

         [[-0.0994]]],


        [[[-0.2436]],

         [[ 0.1088]],

         [[ 0.1710]],

         ...,

         [[ 0.1237]],

         [[ 0.0274]],

         [[ 0.0481]]],


        [[[ 0.0674]],

         [[ 0.0106]],

         [[-0.2803]],

         ...,

         [[-0.2235]],

         [[ 0.2898]],

         [[ 0.1649]]],


        ...,


        [[[-0.0095]],

         [[ 0.1742]],

         [[-0.2367]],

         ...,

         [[-0.0298]],

         [[-0.0504]],

         [[ 0.0075]]],


        [[[ 0.0889]],

         [[-0.1641]],

         [[-0.0417]],

         ...,

         [[-0.1138]],

         [[-0.2294]],

         [[-0.0884]]],


        [[[-0.1382]],

         [[ 0.0998]],

         [[-0.0583]],

         ...,

         [[-0.2683]],

         [[-0.2004]],

         [[ 0.2282]]]], device='cuda:0', requires_grad=True)Conv2d(16, 64, kernel_size=(1, 1), stride=(1, 1))Parameter containing:
tensor([[[[-0.1334]],

         [[-0.1205]],

         [[ 0.1839]],

         ...,

         [[-0.0338]],

         [[ 0.6839]],

         [[-0.3505]]],


        [[[ 0.1408]],

         [[ 0.4783]],

         [[-0.3893]],

         ...,

         [[ 0.1089]],

         [[-0.0472]],

         [[ 0.1103]]],


        [[[ 0.2775]],

         [[-0.1502]],

         [[-0.0598]],

         ...,

         [[-0.0340]],

         [[ 0.5571]],

         [[ 0.1149]]],


        ...,


        [[[ 0.0441]],

         [[-0.3624]],

         [[-0.1320]],

         ...,

         [[-0.0551]],

         [[ 0.0247]],

         [[ 0.0085]]],


        [[[-0.0414]],

         [[ 0.0952]],

         [[-0.0102]],

         ...,

         [[ 0.0983]],

         [[-0.1248]],

         [[ 0.0412]]],


        [[[ 0.3415]],

         [[-0.0037]],

         [[ 0.1041]],

         ...,

         [[ 0.0847]],

         [[-0.1020]],

         [[-0.3080]]]], device='cuda:0', requires_grad=True)Conv2d(16, 64, kernel_size=(3, 3), stride=(1, 1), padding=(1, 1))Parameter containing:
tensor([[[[-2.8243e-02, -3.8852e-03,  2.2289e-03],
          [-1.2300e-01, -1.8504e-02, -1.5089e-02],
          [-5.8250e-02, -6.8243e-02, -5.6296e-02]],

         [[-9.0394e-02, -1.4348e-01, -5.6641e-02],
          [ 9.2946e-02, -4.7758e-02, -1.5275e-01],
          [ 5.2685e-02,  1.7696e-01,  4.6999e-02]],

         [[-5.6208e-03,  1.2097e-01,  1.6123e-02],
          [-1.6301e-01,  1.2793e-02,  8.1164e-02],
          [-1.7384e-01, -1.4706e-01,  7.5775e-03]],

         ...,

         [[-1.0034e-01, -2.4484e-01, -9.3558e-02],
          [ 3.0178e-01, -4.6205e-02, -2.2774e-01],
          [ 1.4204e-01,  2.2142e-01, -1.5116e-02]],

         [[ 8.4068e-02,  1.0441e-01, -9.1240e-02],
          [ 2.6206e-02,  2.2728e-01,  1.0765e-01],
          [-2.1828e-01, -2.8276e-02, -8.6684e-03]],

         [[-8.1978e-02,  2.3539e-02,  3.4056e-02],
          [-3.9493e-02, -1.0311e-01, -1.3510e-02],
          [ 7.5913e-02, -4.7483e-02, -6.8026e-02]]],


        [[[-1.0328e-01,  2.5795e-02,  3.5708e-02],
          [-1.1748e-01,  8.6919e-02, -3.4347e-02],
          [ 1.2248e-03,  6.2074e-03, -8.9252e-02]],

         [[ 2.5171e-02, -7.2646e-02, -9.0211e-02],
          [ 5.0181e-03, -6.0120e-02, -1.6417e-02],
          [-5.0728e-02,  2.3245e-03,  4.6983e-02]],

         [[-1.9435e-01,  3.7467e-02,  1.8301e-01],
          [-1.4885e-02,  1.0835e-01,  6.8046e-02],
          [ 5.7475e-02,  4.7782e-02, -9.4054e-02]],

         ...,

         [[ 4.3867e-02, -1.8434e-02, -3.9849e-02],
          [ 4.3692e-03, -3.4379e-02, -6.1659e-03],
          [-6.5263e-02,  7.6337e-03,  8.0272e-02]],

         [[ 2.1120e-02,  1.3434e-01,  3.7896e-02],
          [ 1.1635e-02, -4.6115e-02, -6.8696e-02],
          [-1.5342e-01, -2.5391e-01, -4.9057e-02]],

         [[ 3.5473e-02, -1.4113e-01, -1.7311e-01],
          [ 6.4310e-02, -2.1929e-01, -8.8997e-02],
          [ 2.9635e-02, -1.0226e-02,  8.8744e-02]]],


        [[[-1.1939e-01,  3.3987e-02,  1.8218e-01],
          [-6.0546e-02,  2.1090e-01, -2.8455e-02],
          [ 7.4035e-02,  6.6953e-02, -1.3048e-01]],

         [[-7.1572e-02, -1.1535e-01,  4.8651e-02],
          [-3.0260e-02,  1.2715e-01, -1.4981e-01],
          [ 2.6109e-02, -3.7943e-02,  1.2220e-04]],

         [[-3.5635e-03,  4.4674e-02, -1.2044e-01],
          [ 9.0879e-03, -1.5334e-01,  8.5215e-04],
          [-5.8646e-02, -7.6536e-02,  3.6930e-02]],

         ...,

         [[-1.0980e-01, -1.1274e-02,  8.1981e-02],
          [-1.1580e-02,  2.6272e-02,  7.6396e-04],
          [ 7.9736e-02, -9.1699e-03, -9.9918e-02]],

         [[ 1.8789e-01, -1.0741e-01, -2.9783e-01],
          [ 1.0023e-03, -1.2796e-01,  8.2516e-02],
          [-1.3978e-01,  1.0668e-01,  9.8737e-02]],

         [[ 1.5445e-01,  6.1206e-02, -8.4705e-02],
          [ 1.0038e-01, -2.4543e-01, -1.2207e-01],
          [-1.8558e-01, -1.5401e-01,  1.9346e-01]]],


        ...,


        [[[-3.4555e-02, -2.8442e-01, -2.4160e-01],
          [ 2.0147e-01, -1.4120e-01, -2.1314e-01],
          [ 2.5553e-01,  1.4625e-01,  2.0492e-01]],

         [[-5.0474e-02,  8.8073e-02, -4.6383e-03],
          [-1.2188e-01, -5.5869e-02, -3.6942e-03],
          [ 2.9134e-02, -1.3026e-01, -4.3624e-02]],

         [[ 1.4686e-01,  1.0616e-01,  1.2821e-01],
          [-3.1178e-02, -5.3431e-02, -4.9907e-02],
          [-5.6610e-02,  1.5878e-02, -6.8511e-02]],

         ...,

         [[ 4.3042e-02,  6.7545e-02,  2.5711e-03],
          [-1.8231e-02, -2.4417e-02, -2.3164e-02],
          [-2.0468e-02, -5.0735e-02, -9.5733e-03]],

         [[-4.8058e-02,  9.0852e-02,  5.4363e-02],
          [-9.1789e-02, -9.2073e-02, -1.1460e-01],
          [-3.9339e-02, -5.4131e-02, -1.0866e-01]],

         [[-1.6318e-01,  1.7834e-02,  9.0574e-02],
          [-2.0028e-01, -2.3186e-02,  2.3231e-01],
          [-8.9818e-03, -4.2983e-02,  7.3494e-02]]],


        [[[-9.8904e-02,  5.8314e-02,  2.3200e-01],
          [-1.8867e-01, -9.9594e-02,  3.7357e-01],
          [-2.9540e-01, -1.0858e-01,  2.3965e-01]],

         [[-9.6993e-03, -1.3153e-03, -5.5168e-02],
          [ 1.8116e-01,  4.9989e-02, -1.5894e-01],
          [ 1.7363e-01,  4.1567e-03, -1.0849e-01]],

         [[ 1.7108e-02, -9.6479e-02,  1.2657e-01],
          [-2.0553e-02, -7.4840e-02,  1.4355e-01],
          [-5.0492e-02, -4.8673e-02,  9.2995e-02]],

         ...,

         [[-8.0369e-02, -1.8119e-02,  1.2918e-02],
          [-1.9399e-02,  1.3345e-02,  7.2547e-03],
          [ 1.7616e-02,  5.0164e-03, -2.7052e-02]],

         [[-1.8263e-02, -2.2801e-02, -5.9232e-03],
          [-2.6269e-02, -4.4546e-02,  9.4416e-02],
          [-3.9483e-02, -4.4589e-02,  2.2118e-03]],

         [[ 3.0859e-02, -1.5121e-02,  6.1823e-02],
          [ 2.6552e-02, -1.3406e-01, -3.7569e-02],
          [-5.0307e-03, -2.3971e-01, -1.2239e-01]]],


        [[[-8.9046e-02, -3.9503e-02, -1.9311e-01],
          [ 7.5819e-02,  1.2317e-01, -5.5263e-02],
          [ 3.1864e-02,  9.1349e-02, -1.2016e-01]],

         [[-1.6562e-01, -9.0699e-02, -1.9493e-01],
          [ 3.2869e-02,  7.4647e-02, -8.1365e-02],
          [-9.9885e-03,  1.9994e-03, -1.5795e-01]],

         [[-8.0586e-02, -3.7812e-02, -1.3547e-01],
          [ 1.3528e-02,  2.9727e-02, -1.2501e-01],
          [ 3.7993e-02,  4.2960e-02, -1.1979e-01]],

         ...,

         [[-2.3726e-02, -2.1781e-02, -8.5332e-02],
          [ 2.3732e-02,  3.9129e-02, -3.3830e-02],
          [-5.5669e-03, -1.0096e-02, -4.0844e-02]],

         [[-1.2886e-01, -2.2330e-01, -1.7018e-01],
          [ 8.0294e-02, -1.1741e-02, -1.3520e-01],
          [ 9.1007e-02, -8.1273e-03, -1.2964e-01]],

         [[-6.0027e-02, -1.6176e-04, -1.4701e-01],
          [ 1.5042e-01,  1.5467e-01, -4.0624e-02],
          [ 1.2780e-01,  1.8074e-01, -9.6532e-02]]]], device='cuda:0',
       requires_grad=True)Conv2d(128, 32, kernel_size=(1, 1), stride=(1, 1))Parameter containing:
tensor([[[[ 1.1993e-01]],

         [[ 7.4448e-02]],

         [[ 1.2068e-01]],

         ...,

         [[-8.4128e-02]],

         [[-1.5901e-01]],

         [[-6.8385e-02]]],


        [[[-2.8459e-02]],

         [[ 2.9858e-03]],

         [[-3.7289e-07]],

         ...,

         [[ 5.5750e-02]],

         [[-1.2749e-01]],

         [[-3.0020e-01]]],


        [[[ 6.0905e-03]],

         [[ 3.3809e-01]],

         [[ 5.0278e-02]],

         ...,

         [[-3.5388e-02]],

         [[ 4.4953e-03]],

         [[ 1.5246e-01]]],


        ...,


        [[[-2.2618e-01]],

         [[-1.7726e-01]],

         [[ 3.2495e-01]],

         ...,

         [[ 1.8728e-01]],

         [[-2.6191e-02]],

         [[ 2.5125e-01]]],


        [[[ 3.6303e-01]],

         [[-1.3014e-01]],

         [[-8.6692e-02]],

         ...,

         [[-2.1285e-01]],

         [[ 1.7058e-01]],

         [[-1.8602e-01]]],


        [[[-1.0530e-01]],

         [[ 9.6124e-02]],

         [[ 3.8463e-03]],

         ...,

         [[-3.1356e-02]],

         [[-6.7318e-03]],

         [[ 8.3295e-02]]]], device='cuda:0', requires_grad=True)Conv2d(32, 128, kernel_size=(1, 1), stride=(1, 1))Parameter containing:
tensor([[[[ 4.6925e-02]],

         [[ 6.5375e-02]],

         [[ 6.7910e-02]],

         ...,

         [[ 7.0150e-02]],

         [[ 4.1071e-02]],

         [[-5.2879e-01]]],


        [[[-1.2438e-01]],

         [[-1.6506e-01]],

         [[ 1.0906e-01]],

         ...,

         [[ 7.7536e-02]],

         [[-2.5456e-01]],

         [[-2.1986e-02]]],


        [[[ 1.6505e-02]],

         [[ 9.4298e-02]],

         [[ 1.5030e-02]],

         ...,

         [[-3.8721e-02]],

         [[ 9.1807e-02]],

         [[-6.7791e-01]]],


        ...,


        [[[-6.1713e-02]],

         [[ 1.5362e-02]],

         [[ 8.2686e-02]],

         ...,

         [[-1.4148e-01]],

         [[-2.7793e-02]],

         [[ 9.3242e-02]]],


        [[[-1.6069e-03]],

         [[-3.4708e-03]],

         [[-1.7261e-04]],

         ...,

         [[-4.8896e-03]],

         [[-1.2869e-02]],

         [[ 9.6002e-03]]],


        [[[-6.2577e-02]],

         [[-7.5690e-02]],

         [[-2.3491e-02]],

         ...,

         [[-4.2948e-02]],

         [[ 1.5350e-02]],

         [[-3.8309e-02]]]], device='cuda:0', requires_grad=True)Conv2d(32, 128, kernel_size=(3, 3), stride=(1, 1), padding=(1, 1))Parameter containing:
tensor([[[[-3.5657e-01, -3.6816e-01, -1.5586e-01],
          [-1.6426e-01, -1.6953e-01,  4.9143e-02],
          [ 7.8933e-02,  1.2513e-01,  1.7519e-01]],

         [[-1.5181e-02,  4.2987e-02,  9.8929e-02],
          [-4.7100e-02, -1.5253e-01, -1.3796e-01],
          [ 6.9461e-02,  4.7739e-02, -1.1311e-01]],

         [[-1.8697e-02, -4.1161e-02, -3.4010e-02],
          [ 1.4169e-02, -3.2601e-02, -2.7276e-02],
          [ 2.1814e-02,  9.7424e-03, -2.4915e-02]],

         ...,

         [[-2.3112e-02,  9.7350e-04,  1.2981e-02],
          [-2.2988e-02, -1.2887e-02,  8.8020e-02],
          [-3.3908e-02, -5.0105e-02,  6.8483e-02]],

         [[ 6.3991e-02,  1.3749e-02,  2.8587e-02],
          [-1.0525e-01, -5.1407e-02, -4.7733e-02],
          [-1.2617e-02,  4.8551e-02, -4.3443e-03]],

         [[ 1.1605e-02, -1.1499e-02, -2.6775e-02],
          [ 4.5595e-02, -1.0187e-02, -9.8681e-03],
          [-4.5868e-02, -2.0167e-02, -1.9546e-02]]],


        [[[ 3.5329e-02,  8.4257e-02,  2.6462e-02],
          [ 9.6299e-02,  5.3791e-02,  1.1473e-01],
          [ 8.5374e-02,  9.3071e-02,  4.8877e-02]],

         [[ 3.8947e-02,  2.9506e-02,  1.8331e-02],
          [-3.1684e-02, -1.0654e-01, -6.6473e-02],
          [-3.8937e-02, -2.1009e-02,  1.8072e-02]],

         [[ 2.0028e-02, -2.5204e-02, -1.6076e-02],
          [ 2.7750e-02, -1.0247e-02, -3.8271e-02],
          [ 4.6480e-02,  4.5882e-04, -1.0167e-02]],

         ...,

         [[-4.3720e-02, -1.9315e-02, -8.1872e-02],
          [ 5.3567e-02,  8.3249e-02, -1.8148e-02],
          [-4.0884e-02,  4.9672e-03, -6.5410e-02]],

         [[ 5.4233e-02,  1.1673e-01,  8.0468e-02],
          [-1.0788e-01, -2.4065e-01, -1.1968e-02],
          [-4.2724e-02, -1.0393e-01, -2.0650e-02]],

         [[ 9.9615e-03, -3.4166e-03,  1.6046e-02],
          [-4.3774e-02, -1.3926e-01, -4.1358e-02],
          [-6.3228e-02, -5.9527e-02, -7.3759e-02]]],


        [[[-1.2477e-02, -1.9655e-01, -6.6968e-02],
          [-1.2528e-02,  5.8997e-02,  2.3168e-02],
          [-2.0455e-02,  8.2398e-02, -3.0808e-02]],

         [[ 5.8353e-02,  7.4408e-02, -2.4032e-02],
          [-1.1722e-02,  1.7833e-02, -5.5976e-02],
          [-3.2446e-02, -1.1786e-01, -1.1141e-02]],

         [[-5.9426e-02, -4.5916e-02, -4.3057e-02],
          [-3.3717e-02,  3.6529e-02, -4.5886e-02],
          [ 1.9434e-02,  1.8784e-02,  2.5599e-02]],

         ...,

         [[-1.4779e-02, -9.1073e-02, -7.2235e-02],
          [ 5.4402e-02, -3.0664e-02, -3.0827e-02],
          [ 3.3416e-03,  9.4935e-02,  1.8870e-02]],

         [[-5.6880e-02, -7.2072e-02,  8.1294e-02],
          [-7.5757e-02,  1.9886e-02,  6.9066e-02],
          [ 3.8148e-02,  4.4903e-02, -7.7330e-02]],

         [[-1.3377e-02, -4.1948e-02, -1.1610e-02],
          [-5.4383e-02,  2.0221e-03, -9.5907e-03],
          [-6.0291e-02,  1.4269e-02, -1.7456e-02]]],


        ...,


        [[[ 4.3723e-02,  6.3309e-02,  4.4027e-02],
          [ 1.4510e-01,  7.8906e-02,  8.0221e-02],
          [ 9.2337e-02,  1.5386e-01,  1.6971e-02]],

         [[-1.5716e-01, -5.2519e-02,  1.5093e-01],
          [-1.4996e-02, -2.2485e-01, -1.3254e-02],
          [ 1.0851e-01, -1.1153e-01, -7.3870e-02]],

         [[-1.4211e-01, -1.4401e-02,  1.3206e-02],
          [-8.9734e-02, -5.1840e-02, -3.7603e-02],
          [-3.0655e-02, -4.9936e-02, -9.7763e-02]],

         ...,

         [[-3.7477e-02, -4.1591e-02, -1.2151e-01],
          [ 1.6590e-02, -2.8388e-02, -3.7064e-02],
          [-4.3413e-02, -2.3440e-02, -2.2032e-02]],

         [[-9.6164e-02, -1.0508e-01, -7.7325e-03],
          [-2.4573e-02, -1.2847e-01, -8.1194e-02],
          [ 4.4755e-02, -2.3736e-02, -6.1179e-02]],

         [[-4.8113e-02,  2.2008e-02,  1.2625e-02],
          [-1.8702e-02, -3.9544e-02,  8.1840e-03],
          [-3.2002e-02, -1.0468e-02, -1.6666e-02]]],


        [[[ 1.6257e-01,  1.9212e-01,  1.5050e-01],
          [ 2.0396e-01,  2.4594e-01,  1.4410e-01],
          [ 1.5880e-01,  2.0479e-01,  1.1376e-01]],

         [[-1.6868e-02, -9.9191e-02, -1.1235e-01],
          [-1.0095e-01, -2.8892e-01, -9.8731e-02],
          [-5.9979e-02, -8.0985e-02, -2.9889e-02]],

         [[-6.2985e-03, -1.6351e-02, -1.1376e-02],
          [-1.4859e-02, -4.7951e-02, -2.0033e-02],
          [-3.3625e-02, -1.5894e-02, -2.2703e-02]],

         ...,

         [[-7.1622e-02, -9.1314e-04,  4.7189e-04],
          [ 7.4861e-02,  8.8482e-02,  5.2114e-02],
          [ 1.5318e-02,  7.2645e-03, -1.7678e-02]],

         [[-1.4263e-01, -1.2311e-01, -7.9897e-02],
          [-4.3567e-02, -1.6987e-01, -1.9720e-01],
          [-1.5173e-01, -9.8928e-02, -5.3579e-02]],

         [[ 2.5916e-02, -1.5441e-02, -1.4498e-02],
          [-2.8288e-02, -6.0997e-02,  4.3777e-03],
          [-2.4212e-04,  3.5849e-03, -2.4527e-02]]],


        [[[-7.0496e-02, -7.6361e-02, -3.6238e-02],
          [-1.0672e-01,  5.4559e-02, -4.6624e-02],
          [ 3.9652e-03,  5.6585e-02, -8.4233e-02]],

         [[-6.1725e-02, -1.7822e-01, -8.1653e-02],
          [ 2.9934e-02,  5.0146e-02, -2.7448e-02],
          [ 5.9550e-02,  1.0244e-01,  4.3959e-02]],

         [[ 5.5760e-02,  2.3041e-02,  7.4511e-02],
          [-3.7281e-02, -4.0304e-02,  2.6240e-02],
          [-7.7080e-03, -5.2200e-02,  4.1400e-02]],

         ...,

         [[-4.2647e-02, -5.5081e-02, -2.5129e-02],
          [-5.6475e-02, -1.0141e-01, -2.7493e-02],
          [ 9.9947e-02,  1.1246e-01,  1.1746e-01]],

         [[-3.5397e-02, -1.3129e-01, -1.7206e-02],
          [ 4.1045e-02,  1.4683e-01,  1.1660e-01],
          [ 1.2164e-01,  2.8580e-01,  1.2429e-01]],

         [[-2.0461e-03,  6.8359e-03, -7.0265e-03],
          [-1.2769e-02, -3.8502e-02, -2.2385e-02],
          [ 1.2374e-02, -1.4317e-02, -4.0529e-02]]]], device='cuda:0',
       requires_grad=True)Conv2d(256, 32, kernel_size=(1, 1), stride=(1, 1))Parameter containing:
tensor([[[[-0.1108]],

         [[-0.0790]],

         [[-0.0060]],

         ...,

         [[-0.1549]],

         [[ 0.1559]],

         [[ 0.2163]]],


        [[[ 0.0474]],

         [[-0.0440]],

         [[-0.0222]],

         ...,

         [[ 0.2039]],

         [[-0.0736]],

         [[-0.1973]]],


        [[[ 0.0122]],

         [[-0.0475]],

         [[ 0.0047]],

         ...,

         [[ 0.3214]],

         [[ 0.2118]],

         [[ 0.0117]]],


        ...,


        [[[ 0.0327]],

         [[-0.2083]],

         [[-0.1464]],

         ...,

         [[ 0.2441]],

         [[ 0.1958]],

         [[-0.0580]]],


        [[[ 0.0068]],

         [[ 0.0372]],

         [[-0.0880]],

         ...,

         [[ 0.1575]],

         [[ 0.0526]],

         [[-0.2165]]],


        [[[ 0.0929]],

         [[-0.0087]],

         [[-0.0472]],

         ...,

         [[-0.2739]],

         [[ 0.2583]],

         [[-0.0534]]]], device='cuda:0', requires_grad=True)Conv2d(32, 128, kernel_size=(1, 1), stride=(1, 1))Parameter containing:
tensor([[[[ 0.0323]],

         [[ 0.0086]],

         [[-0.0327]],

         ...,

         [[-0.1179]],

         [[ 0.0023]],

         [[-0.0041]]],


        [[[-0.2344]],

         [[-0.1238]],

         [[ 0.0011]],

         ...,

         [[ 0.1861]],

         [[-0.0865]],

         [[ 0.0133]]],


        [[[-0.1342]],

         [[ 0.0082]],

         [[-0.0257]],

         ...,

         [[-0.0682]],

         [[ 0.0946]],

         [[-0.0157]]],


        ...,


        [[[-0.2221]],

         [[-0.0937]],

         [[ 0.0219]],

         ...,

         [[ 0.0019]],

         [[ 0.0291]],

         [[ 0.0184]]],


        [[[-0.1733]],

         [[ 0.2311]],

         [[-0.0894]],

         ...,

         [[-0.3237]],

         [[ 0.0770]],

         [[ 0.0233]]],


        [[[-0.1963]],

         [[ 0.1402]],

         [[-0.2163]],

         ...,

         [[-0.0279]],

         [[ 0.0737]],

         [[-0.2623]]]], device='cuda:0', requires_grad=True)Conv2d(32, 128, kernel_size=(3, 3), stride=(1, 1), padding=(1, 1))Parameter containing:
tensor([[[[-6.7486e-02, -2.0409e-02,  9.1287e-02],
          [-1.6025e-01, -1.1514e-01, -8.6082e-02],
          [-7.0501e-02, -6.1649e-02,  1.3780e-03]],

         [[-1.1720e-02, -1.5107e-01, -7.7426e-02],
          [-8.9101e-02, -5.5580e-02, -6.9930e-02],
          [-2.6518e-02,  3.7469e-02, -2.7179e-02]],

         [[-1.3495e-01,  5.2624e-02,  5.5692e-02],
          [ 1.5464e-01, -4.2057e-02, -4.2613e-02],
          [-1.2347e-02, -2.8546e-02, -6.3357e-02]],

         ...,

         [[-8.2790e-02,  1.6123e-01, -4.5515e-03],
          [ 9.0438e-02,  4.3173e-03, -2.6940e-02],
          [ 7.9921e-02, -7.7533e-02, -5.4006e-02]],

         [[-8.2002e-02,  1.0700e-01, -1.3714e-01],
          [ 1.1192e-01, -1.7803e-01, -1.3752e-01],
          [ 5.9619e-02, -1.1649e-01, -3.1556e-02]],

         [[-8.1851e-02,  2.8693e-01,  3.6860e-02],
          [ 2.1818e-01,  1.8370e-01, -1.6132e-01],
          [ 1.3902e-01, -1.4323e-01, -1.0313e-01]]],


        [[[ 3.4430e-02,  1.2314e-02,  5.8433e-02],
          [-2.2513e-02, -1.0395e-01,  7.0097e-03],
          [ 4.3766e-02,  4.8592e-03, -2.6283e-03]],

         [[-6.2682e-02, -5.0525e-02,  2.1072e-02],
          [ 2.0891e-02, -4.2892e-03,  3.5409e-02],
          [ 3.6715e-02, -6.9057e-03,  1.8163e-02]],

         [[-8.0711e-02, -6.8645e-02, -1.1403e-02],
          [-2.8790e-02, -9.8121e-02, -4.5471e-02],
          [ 4.9559e-03, -3.8088e-02, -6.9241e-02]],

         ...,

         [[-4.6830e-02, -2.0441e-02, -3.5537e-02],
          [-2.6519e-02, -5.8586e-03, -2.5107e-02],
          [-2.8729e-02, -1.9012e-02, -6.6399e-02]],

         [[-4.0865e-02,  4.0330e-02, -7.4296e-02],
          [-4.7204e-02, -2.0143e-02, -6.4137e-02],
          [-8.0679e-02, -1.0068e-02, -5.6168e-02]],

         [[ 4.6458e-03, -1.0332e-01, -5.7755e-02],
          [-3.6502e-02, -3.2556e-02, -2.3328e-02],
          [-4.7084e-02, -6.3017e-02,  3.9192e-02]]],


        [[[-9.4935e-02, -1.0985e-01, -1.1431e-01],
          [-2.2671e-02, -5.6986e-02, -5.6250e-02],
          [-3.8263e-02, -7.3932e-02, -5.9762e-02]],

         [[ 4.6100e-02,  1.1904e-01,  8.1254e-02],
          [-8.6697e-03,  5.5203e-02,  2.1956e-02],
          [-1.1066e-03,  9.3927e-02,  4.7175e-02]],

         [[-5.2699e-02, -4.5770e-02,  1.8971e-03],
          [-3.8316e-02, -3.3739e-02,  1.1538e-02],
          [-5.1525e-02, -3.4909e-02,  2.0168e-03]],

         ...,

         [[ 5.2987e-02,  1.3409e-01,  2.5070e-02],
          [ 5.7102e-02,  1.2064e-01,  1.9943e-02],
          [ 3.4120e-02,  1.0703e-01,  4.5223e-03]],

         [[ 1.3865e-02,  3.7363e-02, -1.9667e-02],
          [-1.5353e-02,  1.5403e-02, -4.8995e-02],
          [-1.0834e-02,  2.3083e-02, -3.6281e-02]],

         [[ 1.0876e-01,  6.6293e-03, -3.7282e-02],
          [ 3.4236e-02, -5.4017e-02, -4.4197e-02],
          [ 2.9281e-02, -3.4702e-02, -5.1960e-02]]],


        ...,


        [[[-1.1951e-02, -1.3476e-02, -5.4847e-02],
          [ 8.3535e-03, -9.1043e-02, -5.0109e-02],
          [-2.8387e-02,  2.6256e-02,  5.8652e-02]],

         [[-5.9888e-02, -1.7354e-02, -3.6218e-02],
          [-5.0713e-02, -4.4173e-02, -1.6214e-02],
          [-6.7626e-02, -4.4614e-02,  7.7544e-03]],

         [[ 7.7036e-02,  3.1553e-02, -1.1859e-02],
          [ 3.0123e-04, -5.7611e-02,  4.9633e-03],
          [-9.5489e-03, -2.1993e-02,  2.4981e-02]],

         ...,

         [[ 7.3654e-02,  8.7879e-03, -5.6449e-02],
          [-2.9598e-02, -2.8675e-02, -3.8890e-03],
          [-4.5086e-02,  8.0193e-03,  2.7047e-02]],

         [[-6.5502e-02, -7.6742e-02,  2.9986e-02],
          [-1.0444e-04,  5.5281e-02,  1.5818e-02],
          [ 1.4360e-03, -4.4726e-02, -7.4592e-02]],

         [[ 4.8894e-03,  2.0139e-02, -2.8426e-02],
          [ 4.7263e-02, -2.2964e-02,  1.4777e-02],
          [-1.8172e-02,  5.5463e-02,  1.0056e-01]]],


        [[[-8.7535e-03, -5.9233e-02, -2.5902e-02],
          [-5.2132e-02, -6.9993e-02,  1.1653e-04],
          [-4.4449e-03, -2.4740e-02,  2.6410e-02]],

         [[ 2.3713e-02, -3.7142e-03, -3.7277e-02],
          [-8.0997e-03, -3.4036e-02, -1.4300e-02],
          [-3.6825e-02, -6.8789e-02, -2.7891e-02]],

         [[ 1.0936e-02, -3.5232e-02, -9.3696e-03],
          [-5.5311e-02, -2.7115e-02, -4.9468e-03],
          [ 1.9762e-04, -1.6783e-02, -2.6804e-02]],

         ...,

         [[-9.2551e-03, -5.2542e-02, -1.2418e-02],
          [-2.3317e-02,  1.2385e-02,  3.3755e-02],
          [-1.9642e-02,  1.8842e-02, -7.1623e-03]],

         [[ 2.0845e-02,  4.9301e-02,  4.0780e-02],
          [ 6.7411e-02,  4.9999e-02,  1.3925e-02],
          [ 4.1834e-02,  2.9547e-02, -1.8812e-02]],

         [[ 7.8566e-02,  1.5103e-02,  1.4037e-02],
          [ 6.9071e-02,  4.1582e-02,  2.7804e-03],
          [ 2.1301e-02,  1.0843e-02, -5.8965e-02]]],


        [[[-5.2801e-02, -1.3378e-02, -6.3979e-02],
          [-6.9733e-02, -7.4080e-03, -2.4058e-02],
          [-3.0707e-02, -9.8345e-02, -3.9549e-02]],

         [[ 6.0571e-02, -1.1088e-01, -7.7460e-02],
          [ 6.1391e-02,  1.3143e-02, -3.5306e-02],
          [-1.0943e-02,  2.3344e-02,  5.4794e-02]],

         [[-4.2340e-02, -3.1431e-02,  8.7395e-03],
          [ 2.7408e-02, -5.5885e-03,  2.8243e-02],
          [ 3.5256e-03,  5.9199e-03, -5.7432e-02]],

         ...,

         [[-4.1482e-02,  5.1472e-02,  8.9090e-02],
          [-7.3182e-02, -8.0966e-02,  9.8617e-02],
          [ 1.2587e-01, -2.0433e-02, -6.2675e-02]],

         [[-8.3160e-02, -4.5461e-02, -2.4837e-02],
          [-3.0144e-02, -1.0859e-01, -1.2361e-01],
          [-5.6101e-04, -8.6519e-03, -9.6702e-02]],

         [[-3.1309e-02,  9.1986e-03,  7.1336e-02],
          [-3.4650e-02, -9.3281e-02, -1.3170e-02],
          [ 4.7517e-02, -6.6428e-03, -1.0377e-02]]]], device='cuda:0',
       requires_grad=True)Conv2d(256, 48, kernel_size=(1, 1), stride=(1, 1))Parameter containing:
tensor([[[[-0.0081]],

         [[-0.0802]],

         [[ 0.0665]],

         ...,

         [[-0.1036]],

         [[ 0.0046]],

         [[-0.0095]]],


        [[[-0.0442]],

         [[-0.1126]],

         [[ 0.0502]],

         ...,

         [[ 0.0123]],

         [[-0.2078]],

         [[-0.0610]]],


        [[[-0.0699]],

         [[-0.0140]],

         [[-0.0603]],

         ...,

         [[-0.0250]],

         [[-0.0881]],

         [[-0.1052]]],


        ...,


        [[[ 0.0842]],

         [[-0.0945]],

         [[ 0.0685]],

         ...,

         [[-0.0062]],

         [[-0.0219]],

         [[-0.0407]]],


        [[[-0.1524]],

         [[-0.0031]],

         [[ 0.0369]],

         ...,

         [[-0.2064]],

         [[-0.0392]],

         [[-0.0819]]],


        [[[ 0.0914]],

         [[-0.1334]],

         [[-0.0133]],

         ...,

         [[ 0.1404]],

         [[-0.0236]],

         [[ 0.0286]]]], device='cuda:0', requires_grad=True)Conv2d(48, 192, kernel_size=(1, 1), stride=(1, 1))Parameter containing:
tensor([[[[-0.1158]],

         [[-0.0618]],

         [[ 0.1202]],

         ...,

         [[-0.0558]],

         [[-0.1070]],

         [[ 0.1345]]],


        [[[-0.2020]],

         [[-0.0273]],

         [[ 0.1974]],

         ...,

         [[ 0.0885]],

         [[ 0.0572]],

         [[-0.0975]]],


        [[[-0.1387]],

         [[-0.0499]],

         [[ 0.0340]],

         ...,

         [[-0.0709]],

         [[-0.0707]],

         [[-0.0285]]],


        ...,


        [[[-0.1439]],

         [[ 0.0600]],

         [[ 0.0581]],

         ...,

         [[-0.0358]],

         [[-0.1108]],

         [[ 0.0730]]],


        [[[ 0.0616]],

         [[-0.2024]],

         [[-0.0901]],

         ...,

         [[-0.0013]],

         [[ 0.0548]],

         [[-0.0307]]],


        [[[ 0.0265]],

         [[ 0.1336]],

         [[-0.0871]],

         ...,

         [[ 0.0654]],

         [[-0.0103]],

         [[ 0.0121]]]], device='cuda:0', requires_grad=True)Conv2d(48, 192, kernel_size=(3, 3), stride=(1, 1), padding=(1, 1))Parameter containing:
tensor([[[[-4.3883e-02, -4.3898e-02, -7.9298e-02],
          [ 6.1103e-02, -2.1059e-02, -5.5366e-02],
          [ 2.0861e-02, -2.4288e-02, -2.9619e-02]],

         [[-8.5578e-03, -1.2293e-02,  4.1708e-02],
          [-2.8966e-02, -5.2325e-02,  2.8288e-02],
          [ 1.6075e-03, -3.5330e-02,  1.4017e-02]],

         [[-3.4328e-02, -8.8564e-02, -1.6837e-02],
          [ 3.6201e-02,  6.4976e-02,  1.1243e-01],
          [-1.7573e-03,  9.0790e-03, -2.8861e-02]],

         ...,

         [[-1.3883e-02, -1.5485e-02, -1.1589e-01],
          [ 2.3569e-01,  2.6230e-01, -8.4686e-03],
          [-3.6541e-02, -2.5866e-02, -1.0252e-01]],

         [[-1.8658e-02, -6.5361e-03, -7.0605e-03],
          [-8.2633e-02, -3.8396e-02, -8.4621e-02],
          [-6.4177e-02, -7.7057e-03, -6.9758e-02]],

         [[ 6.8738e-04, -3.1499e-02, -3.8039e-02],
          [-4.7886e-03, -3.1976e-02,  1.4124e-02],
          [ 1.6774e-03, -3.5538e-03, -9.7096e-03]]],


        [[[-4.1953e-02, -2.8179e-03, -3.7959e-02],
          [-6.7855e-04,  6.5205e-02,  4.2235e-03],
          [-2.5316e-02, -9.2074e-03, -4.2007e-02]],

         [[-8.6708e-02, -2.6474e-02, -1.3491e-02],
          [-1.0200e-01, -6.2104e-02, -4.2841e-02],
          [-7.0180e-02, -3.7508e-02, -3.2313e-02]],

         [[-5.3839e-02, -6.5298e-02, -6.4398e-02],
          [-3.2640e-02, -4.2196e-02, -5.1213e-02],
          [ 1.3204e-02,  2.6191e-06,  9.9090e-03]],

         ...,

         [[-2.0082e-02, -1.3972e-02,  4.0333e-03],
          [ 1.7884e-02,  8.8830e-03,  3.7216e-02],
          [-1.6835e-02, -1.6610e-02,  2.1388e-02]],

         [[-3.5603e-02,  1.3219e-03, -1.5535e-02],
          [-3.2697e-03,  5.7033e-02, -6.2351e-03],
          [-5.7636e-03,  5.1548e-02,  2.3227e-02]],

         [[-3.6994e-02, -3.0403e-02, -4.0630e-02],
          [-4.0763e-02, -3.6665e-02, -5.5576e-02],
          [-2.9345e-02, -4.0634e-02, -3.8650e-02]]],


        [[[ 1.3053e-02,  7.3183e-03, -6.2732e-03],
          [-3.9527e-03, -2.3482e-02, -2.5860e-02],
          [ 5.1867e-03, -9.8519e-03, -9.6845e-03]],

         [[ 2.6208e-03,  1.3650e-02,  8.8834e-03],
          [-3.6045e-03, -2.0745e-03, -8.4774e-04],
          [ 3.7494e-02,  8.0468e-02,  4.6926e-02]],

         [[ 3.0280e-02,  5.1744e-03,  2.5000e-02],
          [ 9.5317e-03, -8.8566e-03,  2.3215e-02],
          [ 7.1865e-03,  9.8448e-03,  2.9794e-02]],

         ...,

         [[-4.9569e-02, -5.0163e-02, -3.7523e-02],
          [-2.5860e-02, -2.5273e-02, -2.1159e-02],
          [ 1.8020e-02,  1.1854e-02,  3.0860e-02]],

         [[-6.4384e-02, -1.0382e-01, -6.9854e-02],
          [-2.8447e-02, -4.6745e-02, -5.3199e-02],
          [-5.7926e-02, -5.9001e-02, -6.0692e-02]],

         [[-1.8903e-02, -6.9751e-03, -1.7216e-02],
          [-1.3410e-02, -6.3408e-03, -1.3292e-02],
          [-2.0267e-02,  3.8599e-02,  2.9253e-03]]],


        ...,


        [[[ 7.4087e-02,  1.8888e-02,  8.2526e-02],
          [ 7.6203e-02, -6.4799e-02,  6.3342e-02],
          [ 1.0108e-02, -1.6238e-02,  2.5558e-02]],

         [[-5.0749e-02, -3.9211e-02, -5.0376e-02],
          [-1.5988e-02, -1.2625e-02, -5.2574e-02],
          [ 4.2014e-04, -7.8877e-03, -1.4547e-02]],

         [[-5.4149e-02, -4.3989e-02, -5.1085e-02],
          [-1.7923e-02, -5.9514e-03, -1.6262e-02],
          [-5.7805e-03,  5.5280e-03,  9.1335e-03]],

         ...,

         [[ 1.2376e-02, -9.8443e-03, -3.2782e-02],
          [-1.5910e-02, -1.7228e-02, -4.4768e-02],
          [-2.6480e-02, -1.3827e-02, -3.7708e-02]],

         [[ 1.1200e-02, -2.4958e-02,  8.6930e-03],
          [-1.1666e-02, -2.8799e-02, -3.9137e-02],
          [ 2.1746e-02, -1.4309e-02,  7.3580e-03]],

         [[ 3.6870e-02,  8.1885e-02,  3.2102e-02],
          [-1.2721e-02,  9.8187e-03,  3.0418e-02],
          [-1.7661e-02,  2.2674e-02, -1.5908e-02]]],


        [[[-1.1790e-02, -4.7093e-03, -8.3526e-03],
          [-1.9145e-02,  3.1803e-02,  1.4975e-02],
          [-3.8333e-02,  1.6731e-02,  2.6376e-02]],

         [[ 3.7603e-02, -5.6910e-02, -6.6463e-02],
          [ 2.2447e-01,  1.3436e-01, -1.6747e-01],
          [ 7.3601e-02,  6.3665e-02, -4.8780e-02]],

         [[-5.1247e-02, -5.3032e-02, -3.9666e-02],
          [ 9.5943e-03, -4.7346e-02, -4.9001e-02],
          [ 6.4346e-03, -3.3247e-02, -4.3866e-02]],

         ...,

         [[ 3.6392e-03, -4.1743e-02,  1.5159e-02],
          [-1.1894e-02, -1.3500e-02,  6.5943e-02],
          [-1.0295e-02, -4.3145e-02,  2.4312e-02]],

         [[-7.5681e-02,  4.3689e-02, -5.4888e-03],
          [-1.0998e-01,  3.1142e-02, -1.0411e-03],
          [-6.9489e-02,  1.4759e-02, -4.6258e-03]],

         [[ 3.3132e-03, -1.4672e-02, -4.6817e-02],
          [ 2.3875e-02,  3.5256e-03, -3.0588e-02],
          [ 1.8851e-02,  1.2609e-02, -3.3574e-02]]],


        [[[ 1.8409e-02,  4.5613e-02, -7.1290e-02],
          [ 1.0239e-01,  7.3210e-02, -9.4989e-02],
          [ 1.0316e-01,  6.9704e-02, -5.0218e-02]],

         [[ 4.3062e-03,  7.1065e-03,  1.2730e-02],
          [-3.5351e-02, -1.7337e-02,  4.2151e-02],
          [ 6.1842e-03, -1.5320e-02,  4.0451e-02]],

         [[ 5.1711e-02,  6.0052e-02, -1.6171e-02],
          [ 1.6194e-02,  5.7998e-02,  4.3323e-02],
          [-4.6888e-03,  2.1742e-02,  1.6992e-02]],

         ...,

         [[-6.3640e-02, -7.6818e-02,  9.7688e-02],
          [-1.6288e-01, -1.6946e-01,  1.0334e-01],
          [-1.2338e-01, -6.9375e-02,  1.3773e-01]],

         [[-2.4001e-02,  3.7704e-03, -4.9798e-02],
          [-1.3042e-02,  2.4769e-02, -6.1119e-02],
          [-1.6692e-02, -2.6027e-02, -6.3344e-02]],

         [[ 5.3316e-03,  2.1100e-03,  2.2251e-02],
          [-3.2412e-02, -1.9370e-02,  4.5070e-02],
          [-1.9687e-02, -2.9061e-02,  2.1243e-02]]]], device='cuda:0',
       requires_grad=True)Conv2d(384, 48, kernel_size=(1, 1), stride=(1, 1))Parameter containing:
tensor([[[[-0.0341]],

         [[-0.0729]],

         [[-0.0935]],

         ...,

         [[ 0.0117]],

         [[-0.0249]],

         [[ 0.1677]]],


        [[[-0.0301]],

         [[ 0.1198]],

         [[-0.0238]],

         ...,

         [[-0.0155]],

         [[ 0.0199]],

         [[-0.0737]]],


        [[[ 0.0005]],

         [[-0.0803]],

         [[-0.1484]],

         ...,

         [[-0.0094]],

         [[-0.0579]],

         [[-0.0397]]],


        ...,


        [[[ 0.0897]],

         [[-0.0626]],

         [[-0.0646]],

         ...,

         [[ 0.0357]],

         [[ 0.0286]],

         [[-0.0403]]],


        [[[-0.0404]],

         [[-0.2652]],

         [[-0.1345]],

         ...,

         [[ 0.1506]],

         [[ 0.0132]],

         [[-0.0735]]],


        [[[ 0.1269]],

         [[ 0.0783]],

         [[ 0.0618]],

         ...,

         [[-0.1299]],

         [[-0.0273]],

         [[-0.1762]]]], device='cuda:0', requires_grad=True)Conv2d(48, 192, kernel_size=(1, 1), stride=(1, 1))Parameter containing:
tensor([[[[-0.0422]],

         [[ 0.0899]],

         [[ 0.0979]],

         ...,

         [[-0.1142]],

         [[ 0.0948]],

         [[-0.0353]]],


        [[[-0.0591]],

         [[-0.1296]],

         [[ 0.0110]],

         ...,

         [[ 0.0340]],

         [[ 0.0355]],

         [[-0.0374]]],


        [[[ 0.0287]],

         [[-0.2067]],

         [[-0.0070]],

         ...,

         [[ 0.0265]],

         [[ 0.1608]],

         [[-0.0054]]],


        ...,


        [[[ 0.0983]],

         [[-0.0715]],

         [[ 0.1247]],

         ...,

         [[-0.1571]],

         [[ 0.0429]],

         [[-0.0640]]],


        [[[ 0.0126]],

         [[-0.1068]],

         [[-0.1253]],

         ...,

         [[ 0.2456]],

         [[-0.0429]],

         [[ 0.0444]]],


        [[[-0.0927]],

         [[ 0.2120]],

         [[-0.0353]],

         ...,

         [[ 0.0829]],

         [[-0.0085]],

         [[-0.0376]]]], device='cuda:0', requires_grad=True)Conv2d(48, 192, kernel_size=(3, 3), stride=(1, 1), padding=(1, 1))Parameter containing:
tensor([[[[-5.5122e-02, -5.2278e-02, -5.7983e-02],
          [-1.2239e-04, -1.9175e-02, -2.1478e-03],
          [-7.2166e-03, -6.9303e-03,  3.3322e-03]],

         [[-1.7414e-02, -9.6323e-02, -7.2634e-02],
          [ 5.5985e-03, -4.2840e-02, -4.1450e-02],
          [ 3.7407e-02,  5.0042e-02,  1.6262e-02]],

         [[ 9.8487e-02,  1.0456e-01,  1.0109e-01],
          [ 2.4069e-02,  4.4294e-02,  4.1697e-02],
          [-6.4800e-02, -3.1427e-02, -3.1181e-02]],

         ...,

         [[-1.4816e-02, -5.1665e-03, -4.8538e-03],
          [-3.0340e-02, -2.5102e-02, -7.8163e-03],
          [ 2.4515e-02,  5.8839e-02,  2.2503e-02]],

         [[-6.6180e-02, -9.0767e-02, -4.9257e-02],
          [-3.6198e-02, -3.6254e-02, -2.1232e-02],
          [ 6.2959e-02,  3.0924e-02,  4.8657e-02]],

         [[-3.3809e-02, -6.6658e-02, -5.6351e-02],
          [-1.9381e-02, -1.4716e-02, -5.1656e-02],
          [-9.5184e-02, -9.3574e-02, -1.2259e-01]]],


        [[[-1.7349e-02, -3.4872e-02, -3.4176e-02],
          [-3.1658e-02,  8.7745e-03, -9.3141e-03],
          [-1.1059e-02, -1.1249e-04,  1.6188e-02]],

         [[-2.1833e-02, -5.8037e-02, -4.5694e-02],
          [-6.4049e-02, -7.9654e-02, -8.3959e-02],
          [-7.3099e-02, -8.1902e-02, -7.7571e-02]],

         [[ 1.4937e-03,  1.7614e-02,  1.3853e-02],
          [ 1.3693e-02,  4.1776e-02,  2.4429e-02],
          [ 2.9317e-02,  4.3893e-02,  1.9544e-02]],

         ...,

         [[ 4.7511e-02,  4.2017e-02,  4.4088e-02],
          [ 1.2660e-01,  9.7846e-02,  1.0569e-01],
          [-1.0155e-03, -2.6919e-02, -1.6662e-02]],

         [[-8.1773e-02, -3.9133e-02, -6.2825e-02],
          [-1.0687e-01, -3.6643e-02, -1.0794e-01],
          [-4.4038e-02, -1.4381e-02, -7.1248e-02]],

         [[-3.5921e-02, -4.7672e-02, -3.5234e-02],
          [ 5.1556e-02,  2.2293e-02,  1.7762e-02],
          [ 3.3773e-02,  4.8041e-02, -5.2250e-03]]],


        [[[-1.5026e-02, -3.3728e-02, -1.9402e-02],
          [-1.0123e-02, -1.4647e-02, -1.1581e-02],
          [ 2.8189e-02,  4.5239e-02,  8.8770e-03]],

         [[-1.0040e-02, -1.9568e-02, -2.6569e-02],
          [-2.3086e-02, -5.5837e-02, -4.9076e-02],
          [-1.2369e-02, -1.4969e-02, -1.3762e-02]],

         [[ 4.2270e-02,  3.6177e-02,  4.6991e-02],
          [ 1.6437e-03, -1.1487e-02,  3.0983e-03],
          [ 8.2654e-03, -1.8474e-02, -1.6026e-02]],

         ...,

         [[-1.3594e-02,  8.1444e-04,  1.2418e-02],
          [-6.8442e-02, -4.9599e-02, -1.8585e-02],
          [-5.2733e-02, -3.4907e-02, -2.8526e-02]],

         [[-4.9216e-02, -4.3478e-03, -5.3601e-02],
          [-1.9373e-04,  7.9771e-02, -7.3526e-03],
          [-6.1874e-02,  1.2665e-02, -5.7595e-02]],

         [[-7.8361e-02, -7.5510e-02, -4.4734e-02],
          [-6.5259e-02, -4.4545e-02, -1.8205e-02],
          [-8.2383e-02, -4.6714e-02, -3.8697e-02]]],


        ...,


        [[[-4.1186e-02, -4.8739e-02, -4.8207e-02],
          [-4.8279e-02, -7.1122e-02, -5.3136e-02],
          [-4.7753e-02, -6.2630e-02, -5.0117e-02]],

         [[-2.8116e-02, -3.0237e-02, -3.1130e-02],
          [ 1.4419e-03, -9.4060e-03, -1.2611e-02],
          [ 1.2959e-02, -1.2849e-02,  6.2108e-03]],

         [[ 1.1240e-02,  3.8780e-02,  3.4062e-02],
          [ 3.5007e-02,  6.9351e-02,  7.2583e-02],
          [ 4.8343e-02,  6.1516e-02,  6.0545e-02]],

         ...,

         [[ 3.9533e-02,  8.8499e-03,  9.0035e-03],
          [-2.9887e-02, -6.2065e-02, -4.3962e-02],
          [-5.4495e-03, -2.5102e-02, -1.3513e-02]],

         [[-4.3295e-02, -2.9938e-02, -2.6475e-02],
          [-3.4584e-02, -5.3399e-02, -5.1738e-02],
          [-2.0948e-02, -6.1140e-02, -6.2600e-02]],

         [[ 1.1006e-02, -1.0390e-02, -3.2572e-02],
          [-3.3809e-03, -1.8493e-02, -1.6090e-02],
          [-1.7355e-02, -5.4413e-02, -4.8457e-02]]],


        [[[ 1.6518e-02,  1.1000e-05, -3.1562e-02],
          [ 5.0327e-02,  2.0925e-02, -5.3048e-02],
          [ 6.7410e-03,  3.5031e-02, -1.4292e-03]],

         [[ 5.2749e-02, -3.4904e-02, -1.0052e-01],
          [ 1.1171e-01,  1.9283e-02, -1.2485e-01],
          [ 6.8135e-02,  2.1877e-02, -1.1947e-01]],

         [[ 6.4392e-03,  6.0491e-03, -2.2388e-02],
          [-1.9858e-02,  4.3694e-02,  1.8591e-02],
          [-2.3353e-04,  2.8017e-02,  1.7285e-02]],

         ...,

         [[-1.0535e-02, -2.2464e-02, -3.4673e-02],
          [ 1.3318e-02, -2.0154e-02, -2.2376e-02],
          [-9.7594e-03, -4.7885e-02, -3.1861e-02]],

         [[-1.0105e-02, -4.3778e-02,  3.2386e-02],
          [-3.2908e-02, -1.5753e-02,  8.0338e-02],
          [-5.5582e-02, -2.9096e-02,  7.2932e-02]],

         [[ 5.6023e-03, -5.8566e-03, -2.7833e-02],
          [-3.7501e-03, -2.2025e-03, -2.7172e-02],
          [-2.6266e-03,  1.4690e-02,  5.2799e-02]]],


        [[[-7.8216e-02, -5.1395e-02, -3.3092e-02],
          [-8.8615e-02, -4.8493e-02, -4.5280e-02],
          [-3.7708e-03,  1.7708e-02,  1.1068e-04]],

         [[-7.6884e-02, -6.9534e-02, -6.1200e-02],
          [-1.1249e-02,  9.5288e-02,  1.9784e-02],
          [-4.5748e-04,  2.2364e-03, -6.2727e-04]],

         [[-4.6931e-02, -5.1911e-02, -3.2134e-02],
          [ 1.2691e-02,  1.1730e-01,  1.0555e-02],
          [ 7.9533e-03, -4.0229e-03,  3.3271e-03]],

         ...,

         [[-5.1963e-02, -3.3102e-02, -2.6376e-02],
          [-7.5215e-03,  3.2344e-02, -2.8206e-03],
          [-2.2228e-02, -3.0679e-04, -2.5219e-02]],

         [[-1.1573e-02, -1.8493e-02, -1.1555e-02],
          [-2.4101e-02,  6.3774e-02, -6.0668e-03],
          [-2.9096e-02, -2.0355e-02, -3.7793e-03]],

         [[-1.7393e-03, -3.8799e-02, -1.6905e-02],
          [-3.3909e-03,  1.1763e-02, -1.4685e-02],
          [-4.5610e-02, -5.9539e-02, -5.1234e-02]]]], device='cuda:0',
       requires_grad=True)Conv2d(384, 64, kernel_size=(1, 1), stride=(1, 1))Parameter containing:
tensor([[[[ 0.0190]],

         [[ 0.0636]],

         [[ 0.0900]],

         ...,

         [[-0.0750]],

         [[ 0.0320]],

         [[ 0.0565]]],


        [[[-0.0310]],

         [[ 0.0043]],

         [[-0.0652]],

         ...,

         [[-0.0583]],

         [[ 0.0414]],

         [[-0.0264]]],


        [[[-0.0679]],

         [[-0.0219]],

         [[-0.0088]],

         ...,

         [[-0.0401]],

         [[ 0.0426]],

         [[-0.0364]]],


        ...,


        [[[-0.0309]],

         [[ 0.0319]],

         [[ 0.0051]],

         ...,

         [[ 0.0786]],

         [[ 0.0797]],

         [[ 0.1067]]],


        [[[-0.0413]],

         [[ 0.0128]],

         [[-0.0591]],

         ...,

         [[-0.0542]],

         [[-0.0466]],

         [[-0.1768]]],


        [[[-0.0022]],

         [[ 0.0812]],

         [[ 0.0054]],

         ...,

         [[ 0.0125]],

         [[-0.1118]],

         [[-0.0549]]]], device='cuda:0', requires_grad=True)Conv2d(64, 256, kernel_size=(1, 1), stride=(1, 1))Parameter containing:
tensor([[[[ 0.0591]],

         [[-0.0848]],

         [[ 0.0009]],

         ...,

         [[-0.0094]],

         [[-0.0885]],

         [[-0.0922]]],


        [[[-0.0332]],

         [[ 0.1318]],

         [[ 0.0913]],

         ...,

         [[ 0.0433]],

         [[-0.0132]],

         [[-0.0842]]],


        [[[ 0.0260]],

         [[-0.0125]],

         [[-0.0635]],

         ...,

         [[ 0.0578]],

         [[ 0.0020]],

         [[-0.0809]]],


        ...,


        [[[-0.0783]],

         [[-0.0162]],

         [[ 0.0106]],

         ...,

         [[-0.0826]],

         [[ 0.0256]],

         [[-0.0315]]],


        [[[ 0.0697]],

         [[ 0.0979]],

         [[-0.0331]],

         ...,

         [[-0.0836]],

         [[ 0.1614]],

         [[-0.1409]]],


        [[[-0.0868]],

         [[-0.0354]],

         [[-0.0110]],

         ...,

         [[ 0.0372]],

         [[ 0.0245]],

         [[-0.0092]]]], device='cuda:0', requires_grad=True)Conv2d(64, 256, kernel_size=(3, 3), stride=(1, 1), padding=(1, 1))Parameter containing:
tensor([[[[-1.4083e-02,  1.0302e-02,  3.9344e-02],
          [-2.1686e-03,  8.8851e-03,  9.8422e-04],
          [-4.0898e-03,  2.4787e-02,  1.4934e-02]],

         [[-7.6703e-02, -9.0582e-02, -5.3740e-02],
          [-5.5638e-02, -5.9781e-02, -5.4853e-02],
          [-2.9266e-02, -5.9780e-02, -6.2319e-02]],

         [[ 2.9377e-02,  4.8284e-02,  3.8018e-02],
          [ 1.4235e-02,  2.8113e-02,  4.2474e-02],
          [ 3.8525e-02,  1.9986e-02,  3.3209e-02]],

         ...,

         [[ 1.4373e-02,  1.1504e-02,  5.2347e-03],
          [ 9.6678e-03,  1.5464e-02,  3.9806e-02],
          [ 2.0147e-02,  4.0882e-02,  4.9219e-02]],

         [[-1.0918e-02, -4.1871e-03, -3.6449e-02],
          [-1.0039e-02,  1.3277e-02,  1.3647e-03],
          [-1.1185e-02, -7.2623e-03,  9.9944e-03]],

         [[-1.5191e-02, -3.9558e-02, -1.5270e-02],
          [-5.1260e-03, -2.6973e-02, -1.3310e-02],
          [-8.1531e-03, -5.7021e-02, -2.9869e-02]]],


        [[[-1.4095e-02, -4.7612e-03, -1.9948e-02],
          [ 2.2493e-02,  2.0977e-02,  2.4605e-02],
          [ 1.6612e-02,  1.7464e-02,  7.5599e-03]],

         [[-2.4335e-02, -4.1704e-02, -1.2106e-02],
          [-2.3653e-02, -5.3022e-02, -1.0619e-02],
          [-2.5126e-02, -7.7128e-02, -1.5894e-02]],

         [[-2.2841e-02, -6.9159e-03, -3.2507e-02],
          [-2.7661e-02, -1.2058e-03, -5.0509e-02],
          [-2.5246e-02, -5.6665e-03, -3.8434e-02]],

         ...,

         [[ 3.6879e-02,  2.1891e-02,  2.4063e-02],
          [ 6.3676e-02,  6.2322e-02,  4.0287e-02],
          [ 4.6678e-02,  8.3453e-02,  1.7915e-02]],

         [[-1.6807e-02, -3.5528e-03,  1.7446e-02],
          [-1.5067e-02, -1.0891e-02, -3.5883e-04],
          [-2.3650e-02, -2.8678e-03, -1.6568e-02]],

         [[ 2.0188e-02, -1.0652e-02,  2.3577e-02],
          [-5.8230e-03, -1.4114e-04,  5.9812e-03],
          [ 1.6880e-03,  7.7225e-03,  2.5889e-02]]],


        [[[ 1.0625e-02, -1.6904e-02, -6.7887e-04],
          [ 4.4501e-02, -2.9909e-02, -1.8316e-03],
          [-3.2593e-03, -9.1656e-03,  3.6626e-03]],

         [[ 6.7463e-02,  4.0072e-03, -5.8467e-02],
          [ 8.0429e-02, -2.4020e-02, -4.1994e-02],
          [ 4.5430e-02, -1.5036e-02, -3.0692e-02]],

         [[-8.5212e-02, -5.8022e-02,  1.2939e-02],
          [-5.6577e-02, -5.3858e-02, -5.4186e-03],
          [-3.3941e-02,  3.9034e-02,  8.2334e-02]],

         ...,

         [[ 7.5289e-03, -2.5223e-02,  2.8537e-03],
          [ 1.1746e-02, -3.3016e-02, -3.6239e-02],
          [-2.0256e-02, -2.6241e-02, -2.0634e-02]],

         [[ 8.9500e-02, -2.4676e-02, -4.8646e-02],
          [ 6.7430e-02, -5.2877e-02, -6.4135e-02],
          [ 3.4464e-02, -1.9506e-02, -3.6736e-02]],

         [[ 4.8060e-02,  4.3897e-02,  2.5139e-02],
          [ 5.8017e-02, -2.5936e-02, -3.7955e-02],
          [ 2.8136e-02, -1.7712e-02, -1.8528e-02]]],


        ...,


        [[[ 1.8656e-02, -3.4640e-02,  1.7121e-02],
          [-1.1232e-02, -3.5242e-02, -1.8304e-02],
          [ 9.9757e-03,  6.2723e-03, -1.0682e-03]],

         [[ 2.1318e-02,  1.7776e-02,  7.9804e-03],
          [ 5.4647e-02,  5.3463e-02, -2.2018e-03],
          [ 1.0192e-02, -4.0503e-03, -1.5040e-02]],

         [[-2.3344e-03, -3.3786e-02, -3.0469e-02],
          [-4.9568e-02, -5.9524e-02, -3.4226e-02],
          [-2.9657e-02, -2.0930e-02,  2.3905e-02]],

         ...,

         [[ 2.9202e-02,  4.3793e-02, -3.4692e-02],
          [-1.4266e-03, -6.7445e-03, -5.6614e-02],
          [-2.7764e-02, -4.1817e-02, -5.6437e-02]],

         [[ 3.4080e-02,  5.3127e-02,  2.0844e-02],
          [ 3.0772e-02,  2.1436e-02, -1.2498e-02],
          [-8.5952e-03, -5.7895e-02, -6.1502e-02]],

         [[-1.1667e-02, -2.1186e-02,  2.2746e-03],
          [ 3.9499e-02,  2.2658e-02,  4.2513e-02],
          [ 1.2424e-02, -2.3285e-05,  2.6217e-02]]],


        [[[-2.2207e-02, -1.7142e-03, -2.7752e-02],
          [ 5.2387e-03, -1.4761e-02,  1.7030e-02],
          [ 1.3520e-02,  1.6866e-02,  3.8015e-03]],

         [[-2.4266e-03, -3.0175e-03, -2.8579e-03],
          [ 1.5099e-02,  1.2049e-02,  2.7413e-02],
          [-4.8505e-03, -1.3565e-02, -1.7028e-03]],

         [[-5.4599e-02,  2.2983e-02, -5.6817e-02],
          [-8.8899e-02, -3.4624e-02, -7.0379e-02],
          [-7.6054e-03, -1.1169e-02, -1.9353e-02]],

         ...,

         [[ 2.3553e-02,  1.7993e-02,  3.1293e-02],
          [ 2.7934e-03, -5.2946e-02,  1.1867e-02],
          [ 3.3423e-02,  7.6197e-02,  3.5487e-02]],

         [[-4.0407e-03,  3.5335e-03, -8.5276e-03],
          [-3.4646e-02, -3.9989e-02, -2.4158e-02],
          [-4.1185e-02, -3.4630e-02, -8.7582e-02]],

         [[ 2.9578e-02, -1.1406e-02, -2.1575e-02],
          [ 1.4662e-02, -3.2901e-02, -3.5829e-02],
          [ 1.9800e-02, -3.7057e-02, -6.7157e-02]]],


        [[[ 1.4257e-02,  1.4466e-02,  3.5412e-02],
          [ 2.6274e-02, -4.0127e-02,  2.6003e-02],
          [ 1.5952e-02, -2.0159e-02,  1.2779e-02]],

         [[-9.9971e-03, -1.6540e-02, -3.6816e-03],
          [ 1.1312e-02, -2.0704e-02,  3.6391e-02],
          [-2.3249e-02, -2.8162e-02, -1.1232e-02]],

         [[ 2.3458e-02,  5.4242e-02,  2.1491e-02],
          [ 1.3690e-02,  6.1103e-03,  2.3357e-02],
          [ 7.4349e-03, -1.9348e-02,  1.7400e-02]],

         ...,

         [[-5.8483e-02, -4.7982e-02, -4.1812e-02],
          [-3.6950e-02, -3.9505e-02, -6.8470e-03],
          [-3.6053e-02, -7.1519e-02,  1.4509e-03]],

         [[-4.9115e-02, -7.5051e-02, -5.7275e-03],
          [-7.7416e-02, -1.2941e-01, -3.0931e-02],
          [-5.2576e-02, -7.8207e-02,  5.7259e-04]],

         [[ 3.1594e-02,  1.4468e-02,  3.5999e-03],
          [ 6.7780e-03,  8.1165e-03,  8.2864e-03],
          [-1.8319e-02, -1.7334e-04, -1.4792e-02]]]], device='cuda:0',
       requires_grad=True)Conv2d(512, 64, kernel_size=(1, 1), stride=(1, 1))Parameter containing:
tensor([[[[-0.0153]],

         [[-0.0253]],

         [[ 0.1055]],

         ...,

         [[-0.1352]],

         [[ 0.0349]],

         [[ 0.0239]]],


        [[[-0.0588]],

         [[-0.1215]],

         [[ 0.0941]],

         ...,

         [[ 0.0543]],

         [[-0.0899]],

         [[-0.0731]]],


        [[[ 0.0641]],

         [[-0.0479]],

         [[-0.0614]],

         ...,

         [[-0.1156]],

         [[-0.0350]],

         [[ 0.0644]]],


        ...,


        [[[-0.0139]],

         [[-0.0118]],

         [[ 0.0562]],

         ...,

         [[-0.0117]],

         [[ 0.1315]],

         [[-0.1651]]],


        [[[ 0.0837]],

         [[ 0.0981]],

         [[-0.0083]],

         ...,

         [[ 0.0440]],

         [[-0.1053]],

         [[-0.0306]]],


        [[[ 0.1040]],

         [[ 0.0463]],

         [[-0.0340]],

         ...,

         [[-0.0299]],

         [[ 0.0400]],

         [[ 0.0886]]]], device='cuda:0', requires_grad=True)Conv2d(64, 256, kernel_size=(1, 1), stride=(1, 1))Parameter containing:
tensor([[[[ 0.0018]],

         [[ 0.0372]],

         [[ 0.0607]],

         ...,

         [[-0.1233]],

         [[-0.0043]],

         [[ 0.1018]]],


        [[[-0.1056]],

         [[-0.0197]],

         [[-0.0914]],

         ...,

         [[ 0.1604]],

         [[ 0.1275]],

         [[ 0.0332]]],


        [[[-0.1304]],

         [[-0.0590]],

         [[ 0.1176]],

         ...,

         [[ 0.0032]],

         [[ 0.0513]],

         [[-0.0571]]],


        ...,


        [[[-0.2105]],

         [[ 0.0633]],

         [[ 0.0316]],

         ...,

         [[ 0.1210]],

         [[ 0.1486]],

         [[ 0.1276]]],


        [[[-0.1250]],

         [[-0.0822]],

         [[-0.0173]],

         ...,

         [[-0.0703]],

         [[ 0.0343]],

         [[-0.1743]]],


        [[[-0.0594]],

         [[-0.0682]],

         [[-0.0713]],

         ...,

         [[ 0.1471]],

         [[-0.0896]],

         [[-0.0711]]]], device='cuda:0', requires_grad=True)Conv2d(64, 256, kernel_size=(3, 3), stride=(1, 1), padding=(1, 1))Parameter containing:
tensor([[[[-8.0197e-02, -7.2718e-02, -7.1216e-02],
          [-8.9020e-02, -6.6664e-02, -8.8783e-02],
          [-5.1663e-02, -2.3402e-02, -5.6113e-02]],

         [[-4.3120e-02, -3.2967e-02, -3.4678e-02],
          [-6.9360e-02, -6.1286e-02, -6.8447e-02],
          [-7.5017e-03, -1.3385e-02, -6.4891e-03]],

         [[ 4.6803e-02,  2.7095e-02,  4.3768e-02],
          [ 2.4755e-02, -1.6339e-02,  2.8033e-02],
          [ 1.9659e-02, -2.4758e-02,  1.8699e-02]],

         ...,

         [[ 2.4618e-02,  2.2593e-02,  4.2298e-02],
          [ 1.7345e-02,  8.1604e-03,  1.1539e-02],
          [ 1.3740e-02, -9.8070e-03,  5.8936e-03]],

         [[-3.3584e-03, -1.8800e-02, -3.2364e-02],
          [-3.1758e-02, -2.6556e-02, -3.5073e-02],
          [-1.2294e-03, -1.3309e-02, -9.3377e-03]],

         [[ 7.9110e-05, -1.4446e-02, -1.2131e-02],
          [-3.8449e-03, -2.6061e-03, -1.5644e-02],
          [-1.0984e-03, -6.7535e-03, -7.6050e-03]]],


        [[[-4.1038e-02, -7.1395e-02, -4.0992e-02],
          [-6.7035e-02, -7.3017e-02, -5.9265e-02],
          [-3.0794e-02, -3.2396e-02, -2.9580e-02]],

         [[ 9.0878e-04, -8.2900e-03, -9.2653e-03],
          [-1.9747e-02, -3.3260e-02, -2.0732e-02],
          [ 1.6206e-03, -2.1463e-02,  1.6691e-03]],

         [[-2.4576e-02, -1.1024e-02, -3.8393e-02],
          [-2.8257e-02,  8.6470e-03, -3.7701e-02],
          [-2.8059e-02,  2.3181e-02, -1.2376e-02]],

         ...,

         [[ 2.5215e-02,  2.8668e-02,  4.4311e-02],
          [ 3.9243e-02,  3.4583e-02,  3.5973e-02],
          [ 1.2005e-02,  3.0208e-02,  7.7720e-03]],

         [[ 8.1453e-02,  1.0695e-01,  9.1247e-02],
          [ 3.9694e-02,  6.1271e-02,  4.9756e-02],
          [ 1.0587e-02,  4.0553e-02,  3.2180e-02]],

         [[ 3.3440e-02,  1.0946e-02,  3.2063e-02],
          [ 7.2581e-03,  8.2216e-03,  1.7637e-02],
          [ 3.8989e-03, -1.2307e-02,  6.0485e-03]]],


        [[[ 1.8296e-02,  8.9157e-04,  1.9052e-02],
          [ 5.2966e-03, -4.3225e-03,  1.2639e-02],
          [ 3.1601e-03,  6.5730e-03,  1.0282e-02]],

         [[-1.4808e-02, -1.8890e-02, -1.2248e-02],
          [-1.1771e-02, -2.8556e-02, -1.2993e-02],
          [ 5.5987e-04, -4.0814e-03,  9.0929e-03]],

         [[-3.9581e-02, -5.8831e-02, -2.8892e-02],
          [-4.9026e-02, -5.7077e-02, -3.5476e-02],
          [ 2.9617e-02,  2.7876e-02,  2.4580e-02]],

         ...,

         [[ 1.2240e-04, -3.3234e-03,  6.7208e-03],
          [-2.6712e-03, -1.4917e-02, -3.8027e-03],
          [ 1.1837e-02,  1.7037e-03,  8.0874e-03]],

         [[ 2.4626e-02,  8.9343e-02,  1.9277e-02],
          [-1.8268e-02,  6.2899e-02,  9.0402e-04],
          [-7.5717e-02, -1.3788e-02, -5.5548e-02]],

         [[ 8.1444e-03, -2.6841e-02,  2.8935e-03],
          [-1.2446e-02, -4.0459e-02, -7.8485e-03],
          [-2.2113e-02, -5.3780e-02, -2.3549e-02]]],


        ...,


        [[[-6.5275e-03, -4.4520e-02, -1.7350e-02],
          [-5.6489e-02, -7.8122e-02, -5.1789e-02],
          [-3.1530e-02, -5.3915e-02, -4.2179e-02]],

         [[ 1.3894e-02,  8.2613e-03,  2.6822e-02],
          [-1.3918e-02, -2.8828e-02, -1.1598e-02],
          [ 2.2541e-02,  1.1623e-02,  2.3265e-02]],

         [[ 3.2797e-02,  2.8650e-02,  4.7336e-02],
          [ 1.4036e-03, -1.1063e-02,  1.4217e-02],
          [ 1.2838e-02,  1.7500e-02,  1.5696e-02]],

         ...,

         [[ 2.1442e-02,  3.5568e-02,  8.3778e-03],
          [ 3.5858e-02,  5.8906e-02,  4.5637e-02],
          [ 6.5677e-03,  9.5120e-03,  1.6420e-02]],

         [[ 2.1546e-02,  3.3575e-02,  1.2951e-02],
          [ 4.4895e-02,  9.0565e-02,  4.0092e-02],
          [ 1.5262e-02,  4.6291e-02,  5.2545e-03]],

         [[ 1.5785e-02, -8.6579e-03,  2.6038e-02],
          [-1.0038e-02, -4.8539e-02, -4.4765e-03],
          [-1.6627e-02, -3.2427e-02, -5.5257e-03]]],


        [[[ 1.2630e-02, -3.4610e-02,  9.2542e-03],
          [-3.2033e-02, -6.1638e-02, -4.1637e-02],
          [-8.9216e-02, -1.1518e-01, -8.0480e-02]],

         [[-1.5585e-02,  3.6335e-03, -1.2093e-02],
          [-3.3397e-02, -3.2680e-02, -2.9318e-02],
          [-1.1116e-02, -6.4796e-03, -9.7769e-03]],

         [[-7.0564e-02, -4.5540e-02, -5.1992e-02],
          [ 7.5658e-03,  2.7862e-02,  1.2376e-02],
          [ 1.3466e-02,  4.0478e-02,  1.2565e-02]],

         ...,

         [[ 8.3328e-03,  2.0741e-02,  1.4174e-03],
          [ 2.0231e-02,  1.0059e-02,  1.8094e-02],
          [ 2.9062e-02,  1.3120e-02,  2.7921e-02]],

         [[ 2.9860e-02,  5.5622e-02,  3.8803e-02],
          [-2.4629e-02, -1.1356e-02, -2.1884e-02],
          [-2.6515e-02, -2.8118e-02, -4.0157e-02]],

         [[ 2.9106e-03,  2.5718e-02,  1.0068e-02],
          [-5.3255e-04,  6.0197e-04,  1.2198e-02],
          [-8.7481e-03, -1.8467e-02, -8.0120e-03]]],


        [[[-3.2026e-02, -3.7968e-02, -3.5895e-02],
          [-6.0445e-03, -6.9893e-03, -1.5209e-02],
          [ 2.5137e-03, -7.6964e-03, -2.0734e-03]],

         [[ 3.9656e-02,  7.5732e-02,  4.8991e-02],
          [ 9.2892e-02,  1.2434e-01,  8.6686e-02],
          [ 1.7246e-02,  4.7983e-02,  1.9308e-02]],

         [[ 6.8869e-04,  7.7600e-04, -1.1450e-02],
          [-1.3257e-02, -2.0434e-02, -1.8186e-02],
          [ 2.9152e-02,  2.8098e-02,  1.4574e-02]],

         ...,

         [[ 3.4907e-03, -2.3880e-02,  6.2940e-03],
          [-7.3761e-03, -2.3655e-02,  2.6329e-03],
          [ 1.7864e-02,  4.1887e-02,  2.1340e-02]],

         [[ 5.2309e-02,  5.1971e-02,  4.2189e-02],
          [ 2.3092e-02,  1.4674e-02,  8.4993e-03],
          [-3.3213e-02, -5.2912e-02, -3.2132e-02]],

         [[-1.3808e-03, -1.6089e-02,  1.1132e-02],
          [-4.4697e-02, -6.5860e-02, -3.4745e-02],
          [-4.2376e-02, -3.9067e-02, -4.8527e-02]]]], device='cuda:0',
       requires_grad=True)Conv2d(512, 9, kernel_size=(1, 1), stride=(1, 1))Parameter containing:
tensor([[[[-0.0284]],

         [[ 0.1499]],

         [[-0.0244]],

         ...,

         [[ 0.0694]],

         [[-0.0273]],

         [[-0.0123]]],


        [[[ 0.0828]],

         [[ 0.0079]],

         [[-0.0402]],

         ...,

         [[-0.0577]],

         [[-0.0364]],

         [[-0.0132]]],


        [[[-0.1566]],

         [[ 0.1115]],

         [[-0.0795]],

         ...,

         [[ 0.0485]],

         [[-0.0327]],

         [[ 0.0401]]],


        ...,


        [[[ 0.0607]],

         [[-0.0234]],

         [[ 0.0581]],

         ...,

         [[ 0.1824]],

         [[ 0.0133]],

         [[ 0.0532]]],


        [[[-0.1227]],

         [[-0.0658]],

         [[-0.0509]],

         ...,

         [[-0.0644]],

         [[-0.0280]],

         [[-0.0038]]],


        [[[ 0.1822]],

         [[-0.1691]],

         [[ 0.0956]],

         ...,

         [[-0.1916]],

         [[ 0.0644]],

         [[-0.0824]]]], device='cuda:0', requires_grad=True)